
3D Speed-of-Light operator benchmarks

\begin{tikzpicture}[scale=0.9]
  \begin{axis}[
    title={Volume Speed-of-Light Operator},
    xlabel={Number of DoFs},
    ylabel={Throughput [DoF/s]},
    legend pos=outer north east,
    grid=major, xmode=log, ymode=log, cycle list name=color list
  ]
       \addplot coordinates {
          (1, 10881.7)
          (2, 1226.96)
          (4, 88271)
          (8, 178405)
          (16, 350484)
          (32, 662243)
          (64, 1.42762e+06)
          (128, 2.80716e+06)
          (256, 5.61506e+06)
          (512, 1.08952e+07)
          (1024, 1.81138e+07)
          (2048, 3.36092e+07)
          (4096, 5.82168e+07)
          (8192, 1.02622e+08)
          (16384, 1.69185e+08)
          (32768, 2.57438e+08)
          (65536, 2.91931e+08)
          (131072, 2.84459e+08)
          (262144, 2.23072e+08)
          (524288, 2.41249e+08)
          (1048576, 2.91035e+08)
       };\addlegendentry{vol p=0}
       \addplot coordinates {
          (8, 526791)
          (16, 1.40339e+06)
          (32, 2.89834e+06)
          (64, 5.79511e+06)
          (128, 1.13367e+07)
          (256, 2.25131e+07)
          (512, 4.3889e+07)
          (1024, 5.99148e+07)
          (2048, 1.3441e+08)
          (4096, 2.66685e+08)
          (8192, 4.17522e+08)
          (16384, 4.2036e+08)
          (32768, 6.55333e+08)
          (65536, 8.01872e+08)
          (131072, 7.74788e+08)
          (262144, 7.35328e+08)
          (524288, 8.4751e+08)
          (1048576, 7.64875e+08)
       };\addlegendentry{vol p=1}
       \addplot coordinates {
          (27, 2.30447e+06)
          (54, 4.48035e+06)
          (108, 8.79991e+06)
          (216, 1.84498e+07)
          (432, 3.61282e+07)
          (864, 5.92262e+07)
          (1728, 1.40935e+08)
          (3456, 2.66967e+08)
          (6912, 4.53813e+08)
          (13824, 6.74492e+08)
          (27648, 1.02261e+09)
          (55296, 1.14281e+09)
          (110592, 1.34071e+09)
          (221184, 1.31163e+09)
          (442368, 1.06011e+09)
          (884736, 8.9674e+08)
          (1769472, 7.94172e+08)
       };\addlegendentry{vol p=2}
       \addplot coordinates {
          (64, 5.08288e+06)
          (128, 1.07528e+07)
          (256, 2.09811e+07)
          (512, 4.26169e+07)
          (1024, 8.4481e+07)
          (2048, 1.59893e+08)
          (4096, 2.77213e+08)
          (8192, 4.27177e+08)
          (16384, 5.92048e+08)
          (32768, 7.72749e+08)
          (65536, 8.01551e+08)
          (131072, 8.01755e+08)
          (262144, 5.82503e+08)
          (524288, 6.52114e+08)
          (1048576, 6.1459e+08)
       };\addlegendentry{vol p=3}
       \addplot coordinates {
          (125, 1.02697e+07)
          (250, 2.04694e+07)
          (500, 4.1567e+07)
          (1000, 7.87867e+07)
          (2000, 1.58205e+08)
          (4000, 3.00494e+08)
          (8000, 4.91625e+08)
          (16000, 7.02798e+08)
          (32000, 9.54196e+08)
          (64000, 1.13492e+09)
          (128000, 1.26821e+09)
          (256000, 1.36362e+09)
          (512000, 1.22973e+09)
          (1024000, 1.18273e+09)
       };\addlegendentry{vol p=4}
       \addplot coordinates {
          (216, 1.91559e+07)
          (432, 3.57369e+07)
          (864, 4.75089e+07)
          (1728, 1.33483e+08)
          (3456, 2.50013e+08)
          (6912, 4.02253e+08)
          (13824, 7.54585e+08)
          (27648, 9.00151e+08)
          (55296, 1.05615e+09)
          (110592, 1.22833e+09)
          (221184, 1.30911e+09)
          (442368, 1.23695e+09)
          (884736, 1.1701e+09)
          (1769472, 5.75337e+08)
       };\addlegendentry{vol p=5}
       \addplot coordinates {
          (343, 77617.2)
          (686, 5.11343e+07)
          (1372, 9.58473e+07)
          (2744, 1.82912e+08)
          (5488, 3.63157e+08)
          (10976, 5.56294e+08)
          (21952, 8.00396e+08)
          (43904, 1.04106e+09)
          (87808, 1.27532e+09)
          (175616, 1.43166e+09)
          (351232, 1.30047e+09)
          (702464, 1.2263e+09)
          (1404928, 1.07056e+09)
       };\addlegendentry{vol p=6}
  \end{axis}
\end{tikzpicture}

\begin{tikzpicture}[scale=0.9]
  \begin{axis}[
    title={Face Read Speed-of-Light Operator},
    xlabel={Number of DoFs},
    ylabel={Throughput [DoF/s]},
    legend pos=outer north east,
    grid=major, xmode=log, ymode=log, cycle list name=color list
  ]
       \addplot coordinates {
          (1, 84662.7)
          (2, 171925)
          (4, 332534)
          (8, 706121)
          (16, 1.30211e+06)
          (32, 2.05363e+06)
          (64, 5.06375e+06)
          (128, 9.65028e+06)
          (256, 1.81673e+07)
          (512, 3.11169e+07)
          (1024, 4.97241e+07)
          (2048, 6.72053e+07)
          (4096, 7.44905e+07)
          (8192, 9.43231e+07)
          (16384, 9.81451e+07)
          (32768, 1.01231e+08)
          (65536, 1.05209e+08)
          (131072, 1.1221e+08)
          (262144, 1.10157e+08)
          (524288, 1.04691e+08)
          (1048576, 1.03033e+08)
       };\addlegendentry{read p=0}
       \addplot coordinates {
          (8, 727920)
          (16, 1.44217e+06)
          (32, 2.8394e+06)
          (64, 5.55556e+06)
          (128, 1.08286e+07)
          (256, 2.07084e+07)
          (512, 3.90036e+07)
          (1024, 6.93173e+07)
          (2048, 1.10445e+08)
          (4096, 1.41412e+08)
          (8192, 1.86853e+08)
          (16384, 2.38115e+08)
          (32768, 2.67925e+08)
          (65536, 2.67915e+08)
          (131072, 2.53814e+08)
          (262144, 2.43213e+08)
          (524288, 2.48912e+08)
          (1048576, 2.48324e+08)
       };\addlegendentry{read p=1}
       \addplot coordinates {
          (27, 2.29283e+06)
          (54, 4.7131e+06)
          (108, 9.13435e+06)
          (216, 1.63104e+07)
          (432, 3.27165e+07)
          (864, 5.38939e+07)
          (1728, 9.69856e+07)
          (3456, 1.42719e+08)
          (6912, 1.88539e+08)
          (13824, 2.21454e+08)
          (27648, 2.30327e+08)
          (55296, 2.46758e+08)
          (110592, 2.33644e+08)
          (221184, 2.31083e+08)
          (442368, 2.31994e+08)
          (884736, 2.41349e+08)
          (1769472, 2.44592e+08)
       };\addlegendentry{read p=2}
       \addplot coordinates {
          (64, 5.41161e+06)
          (128, 1.07852e+07)
          (256, 1.88646e+07)
          (512, 3.49544e+07)
          (1024, 6.53666e+07)
          (2048, 3.30094e+07)
          (4096, 1.30833e+08)
          (8192, 1.54154e+08)
          (16384, 1.73209e+08)
          (32768, 1.76542e+08)
          (65536, 1.6236e+08)
          (131072, 1.58956e+08)
          (262144, 1.55765e+08)
          (524288, 1.63187e+08)
          (1048576, 1.62193e+08)
       };\addlegendentry{read p=3}
       \addplot coordinates {
          (125, 1.06283e+07)
          (250, 1.39755e+07)
          (500, 3.42744e+07)
          (1000, 5.99939e+07)
          (2000, 8.78156e+07)
          (4000, 1.56875e+08)
          (8000, 2.076e+08)
          (16000, 2.48678e+08)
          (32000, 2.78592e+08)
          (64000, 2.95023e+08)
          (128000, 2.85147e+08)
          (256000, 2.76269e+08)
          (512000, 1.24429e+08)
          (1024000, 1.44871e+08)
       };\addlegendentry{read p=4}
       \addplot coordinates {
          (216, 1.90603e+07)
          (432, 2.96979e+07)
          (864, 4.96792e+07)
          (1728, 7.91188e+07)
          (3456, 1.43459e+08)
          (6912, 1.72007e+08)
          (13824, 2.15866e+08)
          (27648, 2.4106e+08)
          (55296, 2.52678e+08)
          (110592, 2.47026e+08)
          (221184, 2.45066e+08)
          (442368, 2.37007e+08)
          (884736, 2.30231e+08)
          (1769472, 2.2382e+08)
       };\addlegendentry{read p=5}
       \addplot coordinates {
          (343, 3.0283e+07)
          (686, 4.11412e+07)
          (1372, 6.39872e+07)
          (2744, 1.00826e+08)
          (5488, 1.72799e+08)
          (10976, 6.83827e+07)
          (21952, 2.32607e+08)
          (43904, 2.53469e+08)
          (87808, 2.60286e+08)
          (175616, 2.56349e+08)
          (351232, 2.36435e+08)
          (702464, 2.31035e+08)
          (1404928, 2.28556e+08)
       };\addlegendentry{read p=6}
  \end{axis}
\end{tikzpicture}

\begin{tikzpicture}[scale=0.9]
  \begin{axis}[
    title={Face Write Speed-of-Light Operator},
    xlabel={Number of DoFs},
    ylabel={Throughput [DoF/s]},
    legend pos=outer north east,
    grid=major, xmode=log, ymode=log, cycle list name=color list
  ]
       \addplot coordinates {
          (1, 83985.2)
          (2, 172720)
          (4, 315074)
          (8, 576129)
          (16, 817581)
          (32, 1.30527e+06)
          (64, 1.83058e+06)
          (128, 1.52252e+06)
          (256, 3.54119e+06)
          (512, 4.15277e+06)
          (1024, 4.66766e+06)
          (2048, 5.43643e+06)
          (4096, 5.86542e+06)
          (8192, 6.18556e+06)
          (16384, 6.71499e+06)
          (32768, 7.57915e+06)
          (65536, 8.16928e+06)
          (131072, 1.04636e+07)
          (262144, 1.21431e+07)
          (524288, 1.89004e+07)
          (1048576, 2.23359e+07)
       };\addlegendentry{write p=0}
       \addplot coordinates {
          (8, 687344)
          (16, 1.43562e+06)
          (32, 2.45667e+06)
          (64, 4.32708e+06)
          (128, 5.95642e+06)
          (256, 8.15457e+06)
          (512, 1.00694e+07)
          (1024, 1.47192e+07)
          (2048, 1.75776e+07)
          (4096, 2.02713e+07)
          (8192, 2.0853e+07)
          (16384, 2.31763e+07)
          (32768, 2.62652e+07)
          (65536, 2.75189e+07)
          (131072, 3.14194e+07)
          (262144, 3.50327e+07)
          (524288, 3.83364e+07)
          (1048576, 4.38194e+07)
       };\addlegendentry{write p=1}
       \addplot coordinates {
          (27, 6966.42)
          (54, 4.14942e+06)
          (108, 6.76059e+06)
          (216, 9.28034e+06)
          (432, 1.43783e+07)
          (864, 1.67123e+07)
          (1728, 2.00218e+07)
          (3456, 2.46447e+07)
          (6912, 2.63807e+07)
          (13824, 2.85879e+07)
          (27648, 2.68405e+07)
          (55296, 3.08329e+07)
          (110592, 3.28276e+07)
          (221184, 3.42207e+07)
          (442368, 3.65552e+07)
          (884736, 4.29172e+07)
          (1769472, 4.64101e+07)
       };\addlegendentry{write p=2}
       \addplot coordinates {
          (64, 4.31928e+06)
          (128, 7.69023e+06)
          (256, 1.15575e+07)
          (512, 1.46834e+07)
          (1024, 2.14333e+07)
          (2048, 2.4338e+07)
          (4096, 2.59026e+07)
          (8192, 3.06073e+07)
          (16384, 3.11535e+07)
          (32768, 3.26831e+07)
          (65536, 3.30946e+07)
          (131072, 3.41618e+07)
          (262144, 3.60236e+07)
          (524288, 3.80109e+07)
          (1048576, 4.48976e+07)
       };\addlegendentry{write p=3}
       \addplot coordinates {
          (125, 34924.9)
          (250, 1.12791e+07)
          (500, 1.62206e+07)
          (1000, 1.80417e+07)
          (2000, 2.88138e+07)
          (4000, 3.04889e+07)
          (8000, 3.11077e+07)
          (16000, 3.40655e+07)
          (32000, 3.42731e+07)
          (64000, 3.5523e+07)
          (128000, 3.5029e+07)
          (256000, 3.74702e+07)
          (512000, 3.96815e+07)
          (1024000, 4.54501e+07)
       };\addlegendentry{write p=4}
       \addplot coordinates {
          (216, 1.74015e+07)
          (432, 1.46912e+07)
          (864, 2.02276e+07)
          (1728, 2.33719e+07)
          (3456, 3.60564e+07)
          (6912, 3.50223e+07)
          (13824, 3.54194e+07)
          (27648, 3.82851e+07)
          (55296, 3.83764e+07)
          (110592, 3.9668e+07)
          (221184, 4.04061e+07)
          (442368, 3.81937e+07)
          (884736, 5.03427e+07)
          (1769472, 6.3998e+07)
       };\addlegendentry{write p=5}
       \addplot coordinates {
          (343, 2.02276e+07)
          (686, 1.63706e+07)
          (1372, 2.29824e+07)
          (2744, 2.45816e+07)
          (5488, 3.92013e+06)
          (10976, 3.61792e+07)
          (21952, 9.53607e+06)
          (43904, 4.02467e+07)
          (87808, 4.10446e+07)
          (175616, 3.81253e+07)
          (351232, 3.74457e+07)
          (702464, 4.96352e+07)
          (1404928, 5.90106e+07)
       };\addlegendentry{write p=6}
  \end{axis}
\end{tikzpicture}

\begin{tikzpicture}[scale=0.9]
  \begin{axis}[
    title={Global Face Speed-of-Light Operator},
    xlabel={Number of DoFs},
    ylabel={Throughput [DoF/s]},
    legend pos=south east,
    grid=major, xmode=log, ymode=log, cycle list name=color list
  ]
       \addplot coordinates {
          (1, 28597.9)
          (2, 45195.1)
          (4, 119827)
          (8, 234103)
          (16, 454896)
          (32, 827012)
          (64, 1.41662e+06)
          (128, 2.23819e+06)
          (256, 3.23114e+06)
          (512, 4.18317e+06)
          (1024, 4.96451e+06)
          (2048, 5.03185e+06)
          (4096, 6.4228e+06)
          (8192, 6.70355e+06)
          (16384, 6.9677e+06)
          (32768, 7.22716e+06)
          (65536, 7.56406e+06)
          (131072, 6.79988e+06)
          (262144, 9.10169e+06)
          (524288, 1.40578e+07)
          (1048576, 1.91906e+07)
       };\addlegendentry{write p=0}
       \addplot coordinates {
          (8, 241898)
          (16, 395440)
          (32, 918102)
          (64, 1.79124e+06)
          (128, 3.27157e+06)
          (256, 5.39462e+06)
          (512, 8.40434e+06)
          (1024, 1.16444e+07)
          (2048, 1.58834e+07)
          (4096, 1.88074e+07)
          (8192, 2.10196e+07)
          (16384, 2.25377e+07)
          (32768, 2.47806e+07)
          (65536, 2.62046e+07)
          (131072, 2.8438e+07)
          (262144, 2.05984e+07)
          (524288, 3.95612e+07)
          (1048576, 4.77123e+07)
       };\addlegendentry{write p=1}
       \addplot coordinates {
          (27, 335231)
          (54, 1.40152e+06)
          (108, 2.6978e+06)
          (216, 4.36922e+06)
          (432, 8.73741e+06)
          (864, 1.32478e+07)
          (1728, 1.90122e+07)
          (3456, 2.48764e+07)
          (6912, 2.93715e+07)
          (13824, 3.22222e+07)
          (27648, 3.53788e+07)
          (55296, 3.91659e+07)
          (110592, 4.20124e+07)
          (221184, 4.36106e+07)
          (442368, 4.43821e+07)
          (884736, 3.91576e+07)
          (1769472, 5.88187e+07)
       };\addlegendentry{write p=2}
       \addplot coordinates {
          (64, 1.85138e+06)
          (128, 3.17967e+06)
          (256, 5.579e+06)
          (512, 9.25671e+06)
          (1024, 1.66372e+07)
          (2048, 2.33932e+07)
          (4096, 2.85979e+07)
          (8192, 3.05899e+07)
          (16384, 2.99295e+07)
          (32768, 3.37596e+07)
          (65536, 3.34431e+07)
          (131072, 3.48044e+07)
          (262144, 3.58769e+07)
          (524288, 2.75749e+07)
          (1048576, 3.72127e+07)
       };\addlegendentry{write p=3}
       \addplot coordinates {
          (125, 3.64422e+06)
          (250, 6.95072e+06)
          (500, 8.25089e+06)
          (1000, 1.44372e+07)
          (2000, 2.39113e+07)
          (4000, 3.0509e+07)
          (8000, 3.54982e+07)
          (16000, 3.7215e+07)
          (32000, 3.75439e+07)
          (64000, 3.68832e+07)
          (128000, 3.67264e+07)
          (256000, 3.75812e+07)
          (512000, 3.82453e+07)
          (1024000, 3.77284e+07)
       };\addlegendentry{write p=4}
       \addplot coordinates {
          (216, 5.51406e+06)
          (432, 1.13684e+07)
          (864, 1.08004e+07)
          (1728, 1.855e+07)
          (3456, 2.94314e+07)
          (6912, 3.59165e+07)
          (13824, 4.03318e+07)
          (27648, 4.17508e+07)
          (55296, 4.21373e+07)
          (110592, 4.37493e+07)
          (221184, 4.34741e+07)
          (442368, 4.49385e+07)
          (884736, 4.97356e+07)
          (1769472, 5.11879e+07)
       };\addlegendentry{write p=5}
       \addplot coordinates {
          (343, 8.30679e+06)
          (686, 1.59813e+07)
          (1372, 1.54593e+07)
          (2744, 1.99821e+07)
          (5488, 3.47414e+07)
          (10976, 3.43125e+07)
          (21952, 4.36494e+07)
          (43904, 4.61692e+07)
          (87808, 4.74307e+07)
          (175616, 4.79115e+07)
          (351232, 4.89005e+07)
          (702464, 5.67401e+07)
          (1404928, 6.3437e+07)
       };\addlegendentry{write p=6}
  \end{axis}
\end{tikzpicture}
