
3d mesh mass operator. 
Orders: 0-6
Quad pts: order + 2

 \begin{tikzpicture}[scale=0.9]
    \begin{axis}[
       title={3D Mass Operator Application Performance},
       xlabel={Number of dofs},
       ylabel={Throughput [DoF/s]},
       legend pos=outer north east,
       grid=major,
       xmode = log,
       ymode = log,
       cycle list name=color list,
       ]
       \addplot
       coordinates {
          (1, 421.517)
          (2, 35858)
          (4, 68011.1)
          (8, 87675.1)
          (16, 263550)
          (32, 537910)
          (64, 1.03992e+06)
          (128, 2.00313e+06)
          (256, 3.72038e+06)
          (512, 6.0901e+06)
          (1024, 9.0945e+06)
          (2048, 1.21899e+07)
          (4096, 1.44621e+07)
          (8192, 2.955e+06)
          (16384, 7.29131e+06)
          (32768, 2.87978e+07)
          (65536, 5.58135e+07)
          (131072, 5.61247e+07)
          (262144, 5.11678e+07)
          (524288, 5.69859e+07)
          (1048576, 5.71158e+07)
       };
       \addlegendentry{p=0, q=2}
       \addplot
       coordinates {
          (8, 677470)
          (16, 1.24396e+06)
          (32, 2.39484e+06)
          (64, 4.61891e+06)
          (128, 9.12419e+06)
          (256, 1.59419e+07)
          (512, 2.51491e+07)
          (1024, 3.5657e+07)
          (2048, 4.46755e+07)
          (4096, 5.28455e+07)
          (8192, 5.60784e+07)
          (16384, 5.80468e+07)
          (32768, 6.04231e+07)
          (65536, 6.02024e+07)
          (131072, 6.0563e+07)
          (262144, 5.98218e+07)
          (524288, 6.3097e+07)
          (1048576, 5.62913e+07)
       };
       \addlegendentry{p=1, q=3}
       \addplot
       coordinates {
          (27, 2.29166e+06)
          (54, 2.98444e+06)
          (108, 5.60129e+06)
          (216, 1.12669e+07)
          (432, 2.32187e+07)
          (864, 3.41962e+07)
          (1728, 4.64969e+07)
          (3456, 5.65332e+07)
          (6912, 6.12777e+07)
          (13824, 6.50883e+07)
          (27648, 6.74041e+07)
          (55296, 6.75033e+07)
          (110592, 6.82443e+07)
          (221184, 6.85183e+07)
          (442368, 6.7516e+07)
          (884736, 6.73102e+07)
          (1769472, 6.70904e+07)
       };
       \addlegendentry{p=2, q=4}
       \addplot
       coordinates {
          (64, 4.79716e+06)
          (128, 3.98733e+06)
          (256, 8.54756e+06)
          (512, 1.62445e+07)
          (1024, 3.59026e+07)
          (2048, 4.6612e+07)
          (4096, 5.40597e+07)
          (8192, 5.8711e+07)
          (16384, 6.18041e+07)
          (32768, 6.36262e+07)
          (65536, 6.44926e+07)
          (131072, 5.75656e+07)
          (262144, 3.79404e+07)
          (524288, 6.4793e+07)
          (1048576, 6.39353e+07)
       };
       \addlegendentry{p=3, q=5}
       \addplot
       coordinates {
          (125, 7.05105e+06)
          (250, 5.5144e+06)
          (500, 1.16312e+07)
          (1000, 2.33092e+07)
          (2000, 4.52773e+07)
          (4000, 5.44193e+07)
          (8000, 5.97074e+07)
          (16000, 6.27418e+07)
          (32000, 6.42915e+07)
          (64000, 6.52961e+07)
          (128000, 6.5754e+07)
          (256000, 6.63659e+07)
          (512000, 6.63253e+07)
          (1024000, 6.63889e+07)
       };
       \addlegendentry{p=4, q=6}
       \addplot
       coordinates {
          (216, 9.35568e+06)
          (432, 6.35259e+06)
          (864, 1.2527e+07)
          (1728, 2.5026e+07)
          (3456, 5.00822e+07)
          (6912, 5.50251e+07)
          (13824, 5.81095e+07)
          (27648, 6.00363e+07)
          (55296, 1.81573e+07)
          (110592, 3.14434e+07)
          (221184, 3.24542e+07)
          (442368, 6.18815e+07)
          (884736, 6.18845e+07)
          (1769472, 6.11586e+07)
       };
       \addlegendentry{p=5, q=7}
       \addplot
       coordinates {
          (343, 9.3545e+06)
          (686, 6.63253e+06)
          (1372, 1.32259e+07)
          (2744, 2.62724e+07)
          (5488, 5.2452e+07)
          (10976, 5.64837e+07)
          (21952, 5.84888e+07)
          (43904, 6.03468e+07)
          (87808, 6.07856e+07)
          (175616, 6.16366e+07)
          (351232, 6.16632e+07)
          (702464, 5.46585e+07)
          (1404928, 6.16641e+07)
       };
       \addlegendentry{p=6, q=8}
    \end{axis}
 \end{tikzpicture}
