
3d mesh advection operator. 
Orders: 0-6
Quad pts: order + 2

 \begin{tikzpicture}[scale=0.9]
    \begin{axis}[
       title={3D Advection Operator Application Performance},
       xlabel={Number of dofs},
       ylabel={Throughput [DoF/s]},
       legend pos=outer north east,
       grid=major,
       xmode = log,
       ymode = log,
       cycle list name=color list,
       ]
       \addplot
       coordinates {
          (1, 1157.83)
          (2, 2958.36)
          (4, 60788.9)
          (8, 120461)
          (16, 231383)
          (32, 429100)
          (64, 740119)
          (128, 852705)
          (256, 1.59171e+06)
          (512, 1.90383e+06)
          (1024, 2.12193e+06)
          (2048, 2.26207e+06)
          (4096, 3.65153e+06)
          (8192, 6.85972e+06)
          (16384, 6.83966e+06)
          (32768, 6.80406e+06)
          (65536, 6.8293e+06)
          (131072, 6.14751e+06)
          (262144, 6.78953e+06)
          (524288, 6.70755e+06)
          (1048576, 6.74002e+06)
       };
       \addlegendentry{p=0, q=2}
       \addplot
       coordinates {
          (8, 655343)
          (16, 864234)
          (32, 1.39105e+06)
          (64, 2.93152e+06)
          (128, 5.60773e+06)
          (256, 7.95916e+06)
          (512, 1.0112e+07)
          (1024, 1.17658e+07)
          (2048, 1.24883e+07)
          (4096, 1.28478e+07)
          (8192, 1.29902e+07)
          (16384, 1.28633e+07)
          (32768, 1.29645e+07)
          (65536, 1.30996e+07)
          (131072, 1.02459e+07)
          (262144, 1.3013e+07)
          (524288, 1.30075e+07)
          (1048576, 1.28775e+07)
       };
       \addlegendentry{p=1, q=3}
       \addplot
       coordinates {
          (27, 50765.4)
          (54, 1.78878e+06)
          (108, 2.93876e+06)
          (216, 5.27712e+06)
          (432, 9.47168e+06)
          (864, 1.05282e+07)
          (1728, 1.08688e+07)
          (3456, 1.14431e+07)
          (6912, 1.1343e+07)
          (13824, 1.11827e+07)
          (27648, 1.12445e+07)
          (55296, 1.07439e+07)
          (110592, 9.97885e+06)
          (221184, 1.10051e+07)
          (442368, 1.08297e+07)
          (884736, 1.07975e+07)
          (1769472, 1.079e+07)
       };
       \addlegendentry{p=2, q=4}
       \addplot
       coordinates {
          (64, 3.60048e+06)
          (128, 2.46088e+06)
          (256, 4.03501e+06)
          (512, 7.02713e+06)
          (1024, 1.22104e+07)
          (2048, 1.26297e+07)
          (4096, 1.25756e+07)
          (8192, 1.29637e+07)
          (16384, 1.27562e+07)
          (32768, 1.24852e+07)
          (65536, 1.2541e+07)
          (131072, 1.23984e+07)
          (262144, 1.16396e+07)
          (524288, 1.21639e+07)
          (1048576, 1.20639e+07)
       };
       \addlegendentry{p=3, q=5}
       \addplot
       coordinates {
          (125, 4.88637e+06)
          (250, 2.85435e+06)
          (500, 4.40805e+06)
          (1000, 7.83386e+06)
          (2000, 1.34961e+07)
          (4000, 1.3317e+07)
          (8000, 1.30861e+07)
          (16000, 1.33044e+07)
          (32000, 4.75004e+06)
          (64000, 1.23684e+07)
          (128000, 1.26251e+07)
          (256000, 1.25579e+07)
          (512000, 1.2189e+07)
          (1024000, 1.23637e+07)
       };
       \addlegendentry{p=4, q=6}
       \addplot
       coordinates {
          (216, 5.32747e+06)
          (432, 2.86912e+06)
          (864, 4.51413e+06)
          (1728, 7.90702e+06)
          (3456, 1.33971e+07)
          (6912, 1.30895e+07)
          (13824, 1.25849e+07)
          (27648, 1.27126e+07)
          (55296, 1.23911e+07)
          (110592, 1.20967e+07)
          (221184, 1.21217e+07)
          (442368, 1.17432e+07)
          (884736, 1.17442e+07)
          (1769472, 1.16877e+07)
       };
       \addlegendentry{p=5, q=7}
       \addplot
       coordinates {
          (343, 5.10324e+06)
          (686, 2.92115e+06)
          (1372, 4.69148e+06)
          (2744, 8.11967e+06)
          (5488, 1.3694e+07)
          (10976, 1.30185e+07)
          (21952, 1.26067e+07)
          (43904, 1.17845e+07)
          (87808, 1.22775e+07)
          (175616, 1.20224e+07)
          (351232, 1.14485e+07)
          (702464, 1.1843e+07)
          (1404928, 1.16704e+07)
       };
       \addlegendentry{p=6, q=8}
    \end{axis}
 \end{tikzpicture}
