
4d mesh advection operator. 
Orders: 0-6
Quad pts: order + 1

 \begin{tikzpicture}[scale=0.9]
    \begin{axis}[
       title={4D Advection Operator Application Performance},
       xlabel={Number of dofs},
       ylabel={Throughput [DoF/s]},
       legend pos=outer north east,
       grid=major,
       xmode = log,
       ymode = log,
       cycle list name=color list,
       ]
       \addplot
       coordinates {
          (1, 4754.65)
          (2, 5482.38)
          (4, 17582.1)
          (8, 50897.7)
          (16, 101979)
          (32, 199912)
          (64, 80977)
          (128, 746557)
          (256, 1.39695e+06)
          (512, 651538)
          (1024, 4.21198e+06)
          (2048, 3.56221e+06)
          (4096, 7.91036e+06)
          (8192, 9.13219e+06)
          (16384, 9.89406e+06)
          (32768, 8.14455e+06)
          (65536, 8.74651e+06)
          (131072, 1.52483e+07)
          (262144, 1.7353e+07)
          (524288, 1.77161e+07)
          (1048576, 1.67009e+07)
       };
       \addlegendentry{p=0, q=1}
       \addplot
       coordinates {
          (16, 114879)
          (32, 232671)
          (64, 405073)
          (128, 777727)
          (256, 1.50838e+06)
          (512, 2.87701e+06)
          (1024, 4.61661e+06)
          (2048, 6.37183e+06)
          (4096, 8.2348e+06)
          (8192, 9.44925e+06)
          (16384, 9.97342e+06)
          (32768, 1.00607e+07)
          (65536, 9.7271e+06)
          (131072, 8.80962e+06)
          (262144, 9.67749e+06)
          (524288, 9.46738e+06)
          (1048576, 9.30408e+06)
       };
       \addlegendentry{p=1, q=2}
       \addplot
       coordinates {
          (81, 584308)
          (162, 1.18865e+06)
          (324, 1.43381e+06)
          (648, 2.51004e+06)
          (1296, 4.31624e+06)
          (2592, 7.67012e+06)
          (5184, 8.81374e+06)
          (10368, 9.49695e+06)
          (20736, 8.54589e+06)
          (41472, 1.04937e+07)
          (82944, 1.03234e+07)
          (165888, 9.42732e+06)
          (331776, 9.67383e+06)
          (663552, 9.59326e+06)
          (1327104, 9.45769e+06)
       };
       \addlegendentry{p=2, q=3}
       \addplot
       coordinates {
          (256, 1.8721e+06)
          (512, 3.55842e+06)
          (1024, 2.24246e+06)
          (2048, 3.89395e+06)
          (4096, 7.00962e+06)
          (8192, 1.21262e+07)
          (16384, 1.27001e+07)
          (32768, 1.27422e+07)
          (65536, 1.31591e+07)
          (131072, 1.33245e+07)
          (262144, 1.26108e+07)
          (524288, 1.27603e+07)
          (1048576, 1.23443e+07)
       };
       \addlegendentry{p=3, q=4}
       \addplot
       coordinates {
          (625, 3.77497e+06)
          (1250, 6.2214e+06)
          (2500, 2.00898e+06)
          (5000, 2.42323e+06)
          (10000, 6.65673e+06)
          (20000, 1.42747e+07)
          (40000, 1.43133e+07)
          (80000, 1.19306e+07)
          (160000, 1.36836e+07)
          (320000, 1.3948e+07)
          (640000, 1.3437e+07)
          (1280000, 1.31972e+07)
       };
       \addlegendentry{p=4, q=5}
       \addplot
       coordinates {
          (1296, 5.43918e+06)
          (2592, 8.22053e+06)
          (5184, 3.25292e+06)
          (10368, 5.19576e+06)
          (20736, 7.95415e+06)
          (41472, 1.13761e+07)
          (82944, 1.35619e+07)
          (165888, 1.34627e+07)
          (331776, 1.37568e+07)
          (663552, 1.33413e+07)
          (1327104, 1.29413e+07)
       };
       \addlegendentry{p=5, q=6}
       \addplot
       coordinates {
          (2401, 5.65863e+06)
          (4802, 8.71235e+06)
          (9604, 2.25213e+06)
          (19208, 4.77474e+06)
          (38416, 8.212e+06)
          (76832, 1.36416e+07)
          (153664, 1.22804e+07)
          (307328, 1.17834e+07)
          (614656, 1.23289e+07)
          (1229312, 1.24401e+07)
       };
       \addlegendentry{p=6, q=7}
    \end{axis}
 \end{tikzpicture}
