
3d mesh mass operator. 
Orders: 0-6
Quad pts: order + 2

 \begin{tikzpicture}[scale=0.9]
    \begin{axis}[
       title={3D Mass Operator Application Performance},
       xlabel={Number of dofs},
       ylabel={Throughput [DoF/s]},
       legend pos=outer north east,
       grid=major,
       xmode = log,
       ymode = log,
       cycle list name=color list,
       ]
       \addplot
       coordinates {
          (1, 6989.07)
          (2, 13722.1)
          (4, 3918.06)
          (8, 58205.6)
          (16, 99194.3)
          (32, 247632)
          (64, 432842)
          (128, 165538)
          (256, 1.89964e+06)
          (512, 3.78415e+06)
          (1024, 7.13322e+06)
          (2048, 1.31441e+07)
          (4096, 1.93464e+07)
          (8192, 3.65504e+07)
          (16384, 5.50228e+07)
          (32768, 7.15986e+07)
          (65536, 8.3463e+07)
          (131072, 9.12048e+07)
          (262144, 9.55971e+07)
          (524288, 9.79042e+07)
          (1048576, 9.96167e+07)
       };
       \addlegendentry{p=0, q=2}
       \addplot
       coordinates {
          (8, 57314.5)
          (16, 117415)
          (32, 232405)
          (64, 466412)
          (128, 904269)
          (256, 1.82469e+06)
          (512, 3.53111e+06)
          (1024, 6.89895e+06)
          (2048, 1.25471e+07)
          (4096, 2.21309e+07)
          (8192, 3.52759e+07)
          (16384, 4.64028e+07)
          (32768, 4.17566e+07)
          (65536, 5.53929e+07)
          (131072, 3.69875e+07)
          (262144, 7.55118e+07)
          (524288, 7.51377e+07)
          (1048576, 6.74799e+07)
       };
       \addlegendentry{p=1, q=3}
       \addplot
       coordinates {
          (27, 191760)
          (54, 375777)
          (108, 730995)
          (216, 1.47921e+06)
          (432, 2.93771e+06)
          (864, 5.80876e+06)
          (1728, 1.09064e+07)
          (3456, 1.9525e+07)
          (6912, 3.10625e+07)
          (13824, 4.51323e+07)
          (27648, 5.75165e+07)
          (55296, 6.71691e+07)
          (110592, 7.3022e+07)
          (221184, 7.6847e+07)
          (442368, 7.51988e+07)
          (884736, 7.98431e+07)
          (1769472, 8.0536e+07)
       };
       \addlegendentry{p=2, q=4}
       \addplot
       coordinates {
          (64, 463177)
          (128, 911532)
          (256, 1.6698e+06)
          (512, 3.34498e+06)
          (1024, 6.57329e+06)
          (2048, 1.29093e+07)
          (4096, 2.20645e+07)
          (8192, 3.65936e+07)
          (16384, 5.29754e+07)
          (32768, 6.497e+07)
          (65536, 7.82278e+07)
          (131072, 8.80054e+07)
          (262144, 9.33982e+07)
          (524288, 8.97822e+07)
          (1048576, 8.52104e+07)
       };
       \addlegendentry{p=3, q=5}
       \addplot
       coordinates {
          (125, 939571)
          (250, 1.96237e+06)
          (500, 2.8055e+06)
          (1000, 5.53932e+06)
          (2000, 1.03574e+07)
          (4000, 1.94806e+07)
          (8000, 2.92357e+07)
          (16000, 3.86361e+07)
          (32000, 4.6162e+07)
          (64000, 3.71562e+07)
          (128000, 5.47525e+07)
          (256000, 5.60019e+07)
          (512000, 5.7261e+07)
          (1024000, 5.75013e+07)
       };
       \addlegendentry{p=4, q=6}
       \addplot
       coordinates {
          (216, 1.58507e+06)
          (432, 3.25875e+06)
          (864, 4.62421e+06)
          (1728, 8.99972e+06)
          (3456, 1.66043e+07)
          (6912, 3.13188e+07)
          (13824, 4.52065e+07)
          (27648, 5.76994e+07)
          (55296, 6.92407e+07)
          (110592, 7.53222e+07)
          (221184, 7.85852e+07)
          (442368, 8.03905e+07)
          (884736, 7.43076e+07)
          (1769472, 7.85703e+07)
       };
       \addlegendentry{p=5, q=7}
       \addplot
       coordinates {
          (343, 2.43031e+06)
          (686, 5.08011e+06)
          (1372, 5.86301e+06)
          (2744, 1.10168e+07)
          (5488, 2.16518e+07)
          (10976, 3.90633e+07)
          (21952, 5.13547e+07)
          (43904, 6.16029e+07)
          (87808, 6.85145e+07)
          (175616, 7.24935e+07)
          (351232, 7.50839e+07)
          (702464, 6.72527e+07)
          (1404928, 7.6657e+07)
       };
       \addlegendentry{p=6, q=8}
    \end{axis}
 \end{tikzpicture}
