
4d mesh mass operator. 
Orders: 0-6
Quad pts: order + 2

 \begin{tikzpicture}[scale=0.9]
    \begin{axis}[
       title={4D Mass Operator Application Performance},
       xlabel={Number of dofs},
       ylabel={Throughput [DoF/s]},
       legend pos=outer north east,
       grid=major,
       xmode = log,
       ymode = log,
       cycle list name=color list,
       ]
       \addplot
       coordinates {
          (1, 5072.31)
          (2, 5682.31)
          (4, 5282.53)
          (8, 53181.5)
          (16, 98682.7)
          (32, 217868)
          (64, 385552)
          (128, 163090)
          (256, 1.64109e+06)
          (512, 3.32039e+06)
          (1024, 6.21777e+06)
          (2048, 1.17283e+07)
          (4096, 2.18734e+07)
          (8192, 3.52524e+07)
          (16384, 4.19322e+07)
          (32768, 4.05167e+07)
          (65536, 7.46217e+07)
          (131072, 5.7693e+07)
          (262144, 7.33223e+07)
          (524288, 1.05273e+08)
          (1048576, 1.91275e+08)
       };
       \addlegendentry{p=0, q=2}
       \addplot
       coordinates {
          (16, 111353)
          (32, 233140)
          (64, 423058)
          (128, 804133)
          (256, 1.66582e+06)
          (512, 3.32475e+06)
          (1024, 5.89682e+06)
          (2048, 1.00245e+07)
          (4096, 1.50057e+07)
          (8192, 1.93104e+07)
          (16384, 2.3939e+07)
          (32768, 2.67049e+07)
          (65536, 2.82344e+07)
          (131072, 2.91149e+07)
          (262144, 2.92e+07)
          (524288, 2.92351e+07)
          (1048576, 2.88981e+07)
       };
       \addlegendentry{p=1, q=3}
       \addplot
       coordinates {
          (81, 582109)
          (162, 1.16756e+06)
          (324, 1.42802e+06)
          (648, 2.88006e+06)
          (1296, 5.37812e+06)
          (2592, 1.1266e+07)
          (5184, 1.64338e+07)
          (10368, 2.09374e+07)
          (20736, 2.44536e+07)
          (41472, 2.65819e+07)
          (82944, 2.78673e+07)
          (165888, 2.85107e+07)
          (331776, 2.88723e+07)
          (663552, 2.90491e+07)
          (1327104, 2.88087e+07)
       };
       \addlegendentry{p=2, q=4}
       \addplot
       coordinates {
          (256, 1.88635e+06)
          (512, 3.92585e+06)
          (1024, 4.99993e+06)
          (2048, 9.63851e+06)
          (4096, 1.77083e+07)
          (8192, 3.70996e+07)
          (16384, 5.41041e+07)
          (32768, 7.14055e+07)
          (65536, 8.51508e+07)
          (131072, 9.34879e+07)
          (262144, 9.83222e+07)
          (524288, 1.00932e+08)
          (1048576, 1.01433e+08)
       };
       \addlegendentry{p=3, q=5}
       \addplot
       coordinates {
          (625, 2.02453e+06)
          (1250, 7.94676e+06)
          (2500, 7.42712e+06)
          (5000, 1.52444e+07)
          (10000, 2.98499e+07)
          (20000, 5.87228e+07)
          (40000, 7.32862e+07)
          (80000, 8.51216e+07)
          (160000, 9.21689e+07)
          (320000, 7.63521e+07)
          (640000, 6.68086e+07)
          (1280000, 9.94627e+07)
       };
       \addlegendentry{p=4, q=6}
       \addplot
       coordinates {
          (1296, 5.81753e+06)
          (2592, 1.25804e+07)
          (5184, 8.54361e+06)
          (10368, 1.72066e+07)
          (20736, 3.35362e+07)
          (41472, 6.36764e+07)
          (82944, 7.54317e+07)
          (165888, 8.1047e+07)
          (331776, 8.36993e+07)
          (663552, 8.52271e+07)
          (1327104, 8.51791e+07)
       };
       \addlegendentry{p=5, q=7}
       \addplot
       coordinates {
          (2401, 8.10864e+06)
          (4802, 1.63443e+07)
          (9604, 6.9153e+06)
          (19208, 1.40728e+07)
          (38416, 2.74536e+07)
          (76832, 5.4058e+07)
          (153664, 5.70444e+07)
          (307328, 5.87648e+07)
          (614656, 5.01065e+07)
          (1229312, 6.00374e+07)
       };
       \addlegendentry{p=6, q=8}
    \end{axis}
 \end{tikzpicture}
