
3d mesh advection operator. 
Orders: 0-6
Quad pts: order + 2

 \begin{tikzpicture}[scale=0.9]
    \begin{axis}[
       title={3D Advection Operator Application Performance},
       xlabel={Number of dofs},
       ylabel={Throughput [DoF/s]},
       legend pos=outer north east,
       grid=major,
       xmode = log,
       ymode = log,
       cycle list name=color list,
       ]
       \addplot
       coordinates {
          (1, 5383.22)
          (2, 5391.6)
          (4, 21504.3)
          (8, 48996.9)
          (16, 87482.6)
          (32, 197011)
          (64, 381537)
          (128, 657816)
          (256, 1.34625e+06)
          (512, 2.32229e+06)
          (1024, 3.52257e+06)
          (2048, 4.70437e+06)
          (4096, 5.4985e+06)
          (8192, 5.95092e+06)
          (16384, 7.12996e+06)
          (32768, 9.36516e+06)
          (65536, 9.91279e+06)
          (131072, 7.58746e+06)
          (262144, 9.3579e+06)
          (524288, 8.77896e+06)
          (1048576, 8.91673e+06)
       };
       \addlegendentry{p=0, q=2}
       \addplot
       coordinates {
          (8, 54262.5)
          (16, 116709)
          (32, 210062)
          (64, 410039)
          (128, 805126)
          (256, 1.54127e+06)
          (512, 2.67754e+06)
          (1024, 4.12938e+06)
          (2048, 5.56524e+06)
          (4096, 3.34513e+06)
          (8192, 3.05813e+06)
          (16384, 4.92712e+06)
          (32768, 7.78561e+06)
          (65536, 7.90941e+06)
          (131072, 7.88134e+06)
          (262144, 7.81597e+06)
          (524288, 7.80548e+06)
          (1048576, 7.78264e+06)
       };
       \addlegendentry{p=1, q=3}
       \addplot
       coordinates {
          (27, 199950)
          (54, 392301)
          (108, 599412)
          (216, 1.117e+06)
          (432, 2.16345e+06)
          (864, 4.08835e+06)
          (1728, 6.33952e+06)
          (3456, 8.39541e+06)
          (6912, 1.01691e+07)
          (13824, 1.02347e+07)
          (27648, 1.08207e+07)
          (55296, 1.1045e+07)
          (110592, 1.04757e+07)
          (221184, 1.03515e+07)
          (442368, 1.0704e+07)
          (884736, 1.0443e+07)
          (1769472, 1.04455e+07)
       };
       \addlegendentry{p=2, q=4}
       \addplot
       coordinates {
          (64, 483733)
          (128, 982023)
          (256, 1.06546e+06)
          (512, 2.08143e+06)
          (1024, 3.7239e+06)
          (2048, 6.87064e+06)
          (4096, 9.43112e+06)
          (8192, 1.09444e+07)
          (16384, 1.19242e+07)
          (32768, 1.22315e+07)
          (65536, 1.20794e+07)
          (131072, 1.25986e+07)
          (262144, 1.2324e+07)
          (524288, 1.23822e+07)
          (1048576, 1.25216e+07)
       };
       \addlegendentry{p=3, q=5}
       \addplot
       coordinates {
          (125, 899143)
          (250, 1.76894e+06)
          (500, 1.4666e+06)
          (1000, 2.47511e+06)
          (2000, 4.43287e+06)
          (4000, 7.30289e+06)
          (8000, 8.83245e+06)
          (16000, 9.58815e+06)
          (32000, 9.72939e+06)
          (64000, 9.44297e+06)
          (128000, 8.97697e+06)
          (256000, 9.32698e+06)
          (512000, 9.15354e+06)
          (1024000, 9.22935e+06)
       };
       \addlegendentry{p=4, q=6}
       \addplot
       coordinates {
          (216, 1.39831e+06)
          (432, 2.68821e+06)
          (864, 2.03732e+06)
          (1728, 3.64969e+06)
          (3456, 6.23975e+06)
          (6912, 1.01945e+07)
          (13824, 1.2135e+07)
          (27648, 1.29421e+07)
          (55296, 1.2926e+07)
          (110592, 1.26279e+07)
          (221184, 1.22352e+07)
          (442368, 1.26033e+07)
          (884736, 1.24869e+07)
          (1769472, 1.25753e+07)
       };
       \addlegendentry{p=5, q=7}
       \addplot
       coordinates {
          (343, 2.17664e+06)
          (686, 4.1437e+06)
          (1372, 3.2085e+06)
          (2744, 5.49137e+06)
          (5488, 9.68631e+06)
          (10976, 1.47792e+07)
          (21952, 1.73029e+07)
          (43904, 1.81519e+07)
          (87808, 1.85711e+07)
          (175616, 1.78476e+07)
          (351232, 1.75473e+07)
          (702464, 1.76246e+07)
          (1404928, 1.7141e+07)
       };
       \addlegendentry{p=6, q=8}
    \end{axis}
 \end{tikzpicture}
