
3D Speed-of-Light operator benchmarks

\begin{tikzpicture}[scale=0.9]
  \begin{axis}[
    title={Volume Speed-of-Light Operator},
    xlabel={Number of DoFs},
    ylabel={Throughput [DoF/s]},
    legend pos=outer north east,
    grid=major, xmode=log, ymode=log, cycle list name=color list
  ]
       \addplot coordinates {
          (1, 5545.08)
          (2, 9173.37)
          (4, 19248.8)
          (8, 45080)
          (16, 87726.7)
          (32, 177918)
          (64, 313448)
          (128, 156264)
          (256, 1.40569e+06)
          (512, 2.74592e+06)
          (1024, 4.46597e+06)
          (2048, 1.10107e+07)
          (4096, 2.27168e+07)
          (8192, 4.23346e+07)
          (16384, 8.36491e+07)
          (32768, 1.33877e+08)
          (65536, 1.97479e+08)
          (131072, 2.37347e+08)
          (262144, 2.67476e+08)
          (524288, 2.71343e+08)
          (1048576, 1.54235e+08)
       };\addlegendentry{vol p=0}
       \addplot coordinates {
          (8, 58244.6)
          (16, 116788)
          (32, 233886)
          (64, 467080)
          (128, 946933)
          (256, 1.80486e+06)
          (512, 3.77999e+06)
          (1024, 7.45855e+06)
          (2048, 1.50604e+07)
          (4096, 2.97009e+07)
          (8192, 5.91173e+07)
          (16384, 1.18729e+08)
          (32768, 2.25426e+08)
          (65536, 3.55288e+08)
          (131072, 6.22215e+08)
          (262144, 8.28014e+08)
          (524288, 9.04154e+08)
          (1048576, 6.91991e+08)
       };\addlegendentry{vol p=1}
       \addplot coordinates {
          (27, 197780)
          (54, 397954)
          (108, 784823)
          (216, 1.56832e+06)
          (432, 3.11986e+06)
          (864, 6.32358e+06)
          (1728, 1.26095e+07)
          (3456, 2.48846e+07)
          (6912, 5.01009e+07)
          (13824, 9.71728e+07)
          (27648, 1.99226e+08)
          (55296, 4.11266e+08)
          (110592, 6.07835e+08)
          (221184, 8.06196e+08)
          (442368, 9.40814e+08)
          (884736, 8.10601e+08)
          (1769472, 8.00318e+08)
       };\addlegendentry{vol p=2}
       \addplot coordinates {
          (64, 459889)
          (128, 941564)
          (256, 1.86861e+06)
          (512, 3.74331e+06)
          (1024, 7.48337e+06)
          (2048, 1.46763e+07)
          (4096, 2.77976e+07)
          (8192, 4.66944e+07)
          (16384, 9.86943e+07)
          (32768, 1.65984e+08)
          (65536, 2.52002e+08)
          (131072, 3.45277e+08)
          (262144, 3.9711e+08)
          (524288, 4.30884e+08)
          (1048576, 4.57888e+08)
       };\addlegendentry{vol p=3}
       \addplot coordinates {
          (125, 898567)
          (250, 1.83074e+06)
          (500, 3.64053e+06)
          (1000, 7.3945e+06)
          (2000, 1.45222e+07)
          (4000, 2.21822e+07)
          (8000, 5.73182e+07)
          (16000, 1.02399e+08)
          (32000, 2.09579e+08)
          (64000, 3.90509e+08)
          (128000, 6.85811e+08)
          (256000, 9.45518e+08)
          (512000, 1.15275e+09)
          (1024000, 1.24319e+09)
       };\addlegendentry{vol p=4}
       \addplot coordinates {
          (216, 1.59451e+06)
          (432, 3.19168e+06)
          (864, 6.31862e+06)
          (1728, 1.24125e+07)
          (3456, 2.47377e+07)
          (6912, 4.89066e+07)
          (13824, 9.46194e+07)
          (27648, 1.78945e+08)
          (55296, 3.28587e+08)
          (110592, 5.64803e+08)
          (221184, 8.83791e+08)
          (442368, 1.23459e+09)
          (884736, 1.45656e+09)
          (1769472, 1.32724e+09)
       };\addlegendentry{vol p=5}
       \addplot coordinates {
          (343, 2.52012e+06)
          (686, 5.00217e+06)
          (1372, 9.78874e+06)
          (2744, 1.92646e+07)
          (5488, 3.83648e+07)
          (10976, 7.52947e+07)
          (21952, 1.46965e+08)
          (43904, 2.74862e+08)
          (87808, 4.79317e+08)
          (175616, 7.81101e+08)
          (351232, 1.13569e+09)
          (702464, 1.30895e+09)
          (1404928, 1.33066e+09)
       };\addlegendentry{vol p=6}
  \end{axis}
\end{tikzpicture}

\begin{tikzpicture}[scale=0.9]
  \begin{axis}[
    title={Face Read Speed-of-Light Operator},
    xlabel={Number of DoFs},
    ylabel={Throughput [DoF/s]},
    legend pos=outer north east,
    grid=major, xmode=log, ymode=log, cycle list name=color list
  ]
       \addplot coordinates {
          (1, 7278.53)
          (2, 14028)
          (4, 27906.4)
          (8, 58453.7)
          (16, 116197)
          (32, 233977)
          (64, 463827)
          (128, 935726)
          (256, 1.78943e+06)
          (512, 3.63059e+06)
          (1024, 7.12185e+06)
          (2048, 1.36188e+07)
          (4096, 2.48101e+07)
          (8192, 4.20655e+07)
          (16384, 6.52936e+07)
          (32768, 8.41548e+07)
          (65536, 9.97873e+07)
          (131072, 3.12035e+07)
          (262144, 5.85759e+07)
          (524288, 1.15759e+08)
          (1048576, 1.10719e+08)
       };\addlegendentry{read p=0}
       \addplot coordinates {
          (8, 54582.1)
          (16, 117497)
          (32, 234360)
          (64, 467091)
          (128, 937910)
          (256, 1.77239e+06)
          (512, 3.6679e+06)
          (1024, 7.23735e+06)
          (2048, 1.38267e+07)
          (4096, 2.58682e+07)
          (8192, 4.48071e+07)
          (16384, 6.96203e+07)
          (32768, 9.76284e+07)
          (65536, 1.18955e+08)
          (131072, 1.35619e+08)
          (262144, 1.4288e+08)
          (524288, 1.49634e+08)
          (1048576, 1.51673e+08)
       };\addlegendentry{read p=1}
       \addplot coordinates {
          (27, 195930)
          (54, 398146)
          (108, 794028)
          (216, 1.59297e+06)
          (432, 3.11758e+06)
          (864, 6.2937e+06)
          (1728, 1.23337e+07)
          (3456, 2.37128e+07)
          (6912, 4.19935e+07)
          (13824, 7.84084e+07)
          (27648, 1.25541e+08)
          (55296, 1.79367e+08)
          (110592, 2.23212e+08)
          (221184, 2.56005e+08)
          (442368, 2.76015e+08)
          (884736, 2.82904e+08)
          (1769472, 2.947e+08)
       };\addlegendentry{read p=2}
       \addplot coordinates {
          (64, 440629)
          (128, 945954)
          (256, 1.77378e+06)
          (512, 2.5264e+06)
          (1024, 6.77546e+06)
          (2048, 1.31609e+07)
          (4096, 2.31225e+07)
          (8192, 3.71738e+07)
          (16384, 5.07234e+07)
          (32768, 6.38973e+07)
          (65536, 7.38106e+07)
          (131072, 7.85291e+07)
          (262144, 7.8482e+07)
          (524288, 8.04292e+07)
          (1048576, 7.41388e+07)
       };\addlegendentry{read p=3}
       \addplot coordinates {
          (125, 900860)
          (250, 1.82402e+06)
          (500, 2.7369e+06)
          (1000, 4.75485e+06)
          (2000, 8.67441e+06)
          (4000, 1.56578e+07)
          (8000, 2.23825e+07)
          (16000, 2.74525e+07)
          (32000, 2.98454e+07)
          (64000, 2.89824e+07)
          (128000, 3.02286e+07)
          (256000, 3.00359e+07)
          (512000, 2.9052e+07)
          (1024000, 2.869e+07)
       };\addlegendentry{read p=4}
       \addplot coordinates {
          (216, 1.56282e+06)
          (432, 3.05931e+06)
          (864, 6.18562e+06)
          (1728, 1.18795e+07)
          (3456, 2.22746e+07)
          (6912, 2.32416e+07)
          (13824, 8.4425e+07)
          (27648, 1.47857e+08)
          (55296, 2.23766e+08)
          (110592, 3.09033e+08)
          (221184, 3.61959e+08)
          (442368, 2.01569e+08)
          (884736, 2.65008e+08)
          (1769472, 3.95535e+08)
       };\addlegendentry{read p=5}
       \addplot coordinates {
          (343, 2.49146e+06)
          (686, 2.42459e+06)
          (1372, 7.701e+06)
          (2744, 1.40583e+07)
          (5488, 2.49025e+07)
          (10976, 4.28075e+07)
          (21952, 6.71045e+07)
          (43904, 8.35347e+07)
          (87808, 9.37441e+07)
          (175616, 9.35308e+07)
          (351232, 9.69722e+07)
          (702464, 9.67219e+07)
          (1404928, 9.40807e+07)
       };\addlegendentry{read p=6}
  \end{axis}
\end{tikzpicture}

\begin{tikzpicture}[scale=0.9]
  \begin{axis}[
    title={Face Write Speed-of-Light Operator},
    xlabel={Number of DoFs},
    ylabel={Throughput [DoF/s]},
    legend pos=outer north east,
    grid=major, xmode=log, ymode=log, cycle list name=color list
  ]
       \addplot coordinates {
          (1, 7301.31)
          (2, 14608.3)
          (4, 29335.3)
          (8, 57874.7)
          (16, 115404)
          (32, 229905)
          (64, 464980)
          (128, 900615)
          (256, 1.59426e+06)
          (512, 2.52443e+06)
          (1024, 3.53801e+06)
          (2048, 4.72908e+06)
          (4096, 5.68165e+06)
          (8192, 6.58765e+06)
          (16384, 7.57688e+06)
          (32768, 8.55297e+06)
          (65536, 8.77357e+06)
          (131072, 1.03337e+07)
          (262144, 1.33979e+07)
          (524288, 1.78705e+07)
          (1048576, 2.94659e+07)
       };\addlegendentry{write p=0}
       \addplot coordinates {
          (8, 45485.8)
          (16, 106546)
          (32, 231175)
          (64, 463997)
          (128, 916075)
          (256, 1.81319e+06)
          (512, 3.43728e+06)
          (1024, 5.99462e+06)
          (2048, 9.83311e+06)
          (4096, 1.41844e+07)
          (8192, 1.76186e+07)
          (16384, 2.30262e+07)
          (32768, 2.93576e+07)
          (65536, 3.35523e+07)
          (131072, 3.91415e+07)
          (262144, 4.30072e+07)
          (524288, 4.56345e+07)
          (1048576, 4.29933e+07)
       };\addlegendentry{write p=1}
       \addplot coordinates {
          (27, 193095)
          (54, 391345)
          (108, 780570)
          (216, 1.49549e+06)
          (432, 2.98403e+06)
          (864, 5.5189e+06)
          (1728, 9.41289e+06)
          (3456, 1.45096e+07)
          (6912, 2.01383e+07)
          (13824, 1.21012e+07)
          (27648, 7.01401e+06)
          (55296, 2.65374e+07)
          (110592, 4.08678e+07)
          (221184, 4.65986e+07)
          (442368, 5.14576e+07)
          (884736, 5.49667e+07)
          (1769472, 5.54776e+07)
       };\addlegendentry{write p=2}
       \addplot coordinates {
          (64, 110187)
          (128, 868568)
          (256, 260122)
          (512, 2.60268e+06)
          (1024, 3.76985e+06)
          (2048, 7.81195e+06)
          (4096, 3.81718e+06)
          (8192, 1.12825e+07)
          (16384, 1.37087e+07)
          (32768, 2.40436e+07)
          (65536, 3.69995e+07)
          (131072, 4.06628e+07)
          (262144, 4.37937e+07)
          (524288, 4.63611e+07)
          (1048576, 5.05001e+07)
       };\addlegendentry{write p=3}
       \addplot coordinates {
          (125, 861326)
          (250, 1.81983e+06)
          (500, 3.30605e+06)
          (1000, 6.13793e+06)
          (2000, 1.11783e+07)
          (4000, 1.8587e+07)
          (8000, 2.40313e+07)
          (16000, 3.29248e+07)
          (32000, 3.89692e+07)
          (64000, 4.22555e+07)
          (128000, 4.51337e+07)
          (256000, 4.91009e+07)
          (512000, 4.5354e+07)
          (1024000, 5.46327e+07)
       };\addlegendentry{write p=4}
       \addplot coordinates {
          (216, 1.54351e+06)
          (432, 3.20932e+06)
          (864, 5.50092e+06)
          (1728, 9.07681e+06)
          (3456, 1.62309e+07)
          (6912, 2.54169e+07)
          (13824, 3.15473e+07)
          (27648, 4.05377e+07)
          (55296, 4.50407e+07)
          (110592, 5.00866e+07)
          (221184, 5.27771e+07)
          (442368, 5.38305e+07)
          (884736, 5.74447e+07)
          (1769472, 6.1772e+07)
       };\addlegendentry{write p=5}
       \addplot coordinates {
          (343, 2.51024e+06)
          (686, 5.15717e+06)
          (1372, 7.65243e+06)
          (2744, 1.21323e+07)
          (5488, 2.08961e+07)
          (10976, 3.18175e+07)
          (21952, 3.72896e+07)
          (43904, 4.68992e+07)
          (87808, 5.24255e+07)
          (175616, 5.80934e+07)
          (351232, 6.1556e+07)
          (702464, 6.47635e+07)
          (1404928, 7.14347e+07)
       };\addlegendentry{write p=6}
  \end{axis}
\end{tikzpicture}

\begin{tikzpicture}[scale=0.9]
  \begin{axis}[
    title={Global Face Speed-of-Light Operator},
    xlabel={Number of DoFs},
    ylabel={Throughput [DoF/s]},
    legend pos=south east,
    grid=major, xmode=log, ymode=log, cycle list name=color list
  ]
       \addplot coordinates {
          (1, 2424.57)
          (2, 4831.08)
          (4, 9645.23)
          (8, 19493.6)
          (16, 37878.3)
          (32, 78075.1)
          (64, 148130)
          (128, 308393)
          (256, 602251)
          (512, 1.1589e+06)
          (1024, 2.03956e+06)
          (2048, 3.31545e+06)
          (4096, 4.7756e+06)
          (8192, 6.27665e+06)
          (16384, 7.62657e+06)
          (32768, 8.36202e+06)
          (65536, 6.22826e+06)
          (131072, 9.48573e+06)
          (262144, 9.94242e+06)
          (524288, 1.09429e+07)
          (1048576, 1.74998e+07)
       };\addlegendentry{write p=0}
       \addplot coordinates {
          (8, 18827.6)
          (16, 38368.7)
          (32, 79481)
          (64, 157229)
          (128, 294199)
          (256, 620005)
          (512, 1.21419e+06)
          (1024, 2.39757e+06)
          (2048, 4.50964e+06)
          (4096, 6.17553e+06)
          (8192, 1.23117e+07)
          (16384, 1.84186e+07)
          (32768, 2.53599e+07)
          (65536, 2.91892e+07)
          (131072, 3.24249e+07)
          (262144, 3.51473e+07)
          (524288, 3.86438e+07)
          (1048576, 4.23969e+07)
       };\addlegendentry{write p=1}
       \addplot coordinates {
          (27, 65394.9)
          (54, 132028)
          (108, 263521)
          (216, 523858)
          (432, 1.03741e+06)
          (864, 2.05375e+06)
          (1728, 3.65783e+06)
          (3456, 7.45371e+06)
          (6912, 4.8032e+06)
          (13824, 6.84016e+06)
          (27648, 9.83264e+06)
          (55296, 2.0893e+07)
          (110592, 3.87413e+07)
          (221184, 4.17925e+07)
          (442368, 4.37698e+07)
          (884736, 4.66434e+07)
          (1769472, 4.54899e+07)
       };\addlegendentry{write p=2}
       \addplot coordinates {
          (64, 161064)
          (128, 233181)
          (256, 625646)
          (512, 348434)
          (1024, 1.2558e+06)
          (2048, 4.51843e+06)
          (4096, 7.76519e+06)
          (8192, 1.35487e+07)
          (16384, 1.98829e+07)
          (32768, 2.54309e+07)
          (65536, 2.99333e+07)
          (131072, 3.13491e+07)
          (262144, 3.59441e+07)
          (524288, 3.78447e+07)
          (1048576, 3.92959e+07)
       };\addlegendentry{write p=3}
       \addplot coordinates {
          (125, 135065)
          (250, 630338)
          (500, 1.25399e+06)
          (1000, 1.715e+06)
          (2000, 4.50188e+06)
          (4000, 8.43664e+06)
          (8000, 7.2833e+06)
          (16000, 2.24703e+07)
          (32000, 3.06127e+07)
          (64000, 3.73679e+07)
          (128000, 4.20383e+07)
          (256000, 4.57132e+07)
          (512000, 4.85271e+07)
          (1024000, 5.32125e+07)
       };\addlegendentry{write p=4}
       \addplot coordinates {
          (216, 489050)
          (432, 1.06293e+06)
          (864, 2.15494e+06)
          (1728, 3.6893e+06)
          (3456, 7.31644e+06)
          (6912, 1.34781e+07)
          (13824, 1.17985e+07)
          (27648, 3.20419e+07)
          (55296, 4.19624e+07)
          (110592, 5.04725e+07)
          (221184, 5.29075e+07)
          (442368, 5.9383e+07)
          (884736, 5.15743e+07)
          (1769472, 7.02097e+07)
       };\addlegendentry{write p=5}
       \addplot coordinates {
          (343, 668991)
          (686, 1.67619e+06)
          (1372, 3.42163e+06)
          (2744, 5.52607e+06)
          (5488, 1.07048e+07)
          (10976, 1.83621e+07)
          (21952, 2.66801e+07)
          (43904, 3.89792e+07)
          (87808, 3.71787e+07)
          (175616, 5.39797e+07)
          (351232, 5.59672e+07)
          (702464, 5.18703e+07)
          (1404928, 6.07032e+07)
       };\addlegendentry{write p=6}
  \end{axis}
\end{tikzpicture}
