
3d mesh mass operator. 
Orders: 0-6
Quad pts: order + 2

 \begin{tikzpicture}[scale=0.9]
    \begin{axis}[
       title={3D Mass Operator Application Performance},
       xlabel={Number of dofs},
       ylabel={Throughput [DoF/s]},
       legend pos=outer north east,
       grid=major,
       xmode = log,
       ymode = log,
       cycle list name=color list,
       ]
       \addplot
       coordinates {
          (1, 3719.58)
          (2, 10110.5)
          (4, 12648.9)
          (8, 43637)
          (16, 88979.8)
          (32, 175431)
          (64, 78061.4)
          (128, 659199)
          (256, 1.30182e+06)
          (512, 2.69888e+06)
          (1024, 5.30808e+06)
          (2048, 9.82303e+06)
          (4096, 1.98891e+07)
          (8192, 3.22454e+07)
          (16384, 4.67265e+07)
          (32768, 5.99632e+07)
          (65536, 7.0612e+07)
          (131072, 7.42654e+07)
          (262144, 7.55363e+07)
          (524288, 7.961e+07)
          (1048576, 7.84293e+07)
       };
       \addlegendentry{p=0, q=2}
       \addplot
       coordinates {
          (8, 39615.8)
          (16, 87535.4)
          (32, 186694)
          (64, 370941)
          (128, 686239)
          (256, 1.42663e+06)
          (512, 2.84542e+06)
          (1024, 5.65976e+06)
          (2048, 1.0969e+07)
          (4096, 2.02389e+07)
          (8192, 3.35698e+07)
          (16384, 4.84712e+07)
          (32768, 6.45468e+07)
          (65536, 7.47498e+07)
          (131072, 7.87875e+07)
          (262144, 8.66908e+07)
          (524288, 6.36795e+07)
          (1048576, 6.64736e+07)
       };
       \addlegendentry{p=1, q=3}
       \addplot
       coordinates {
          (27, 131639)
          (54, 276447)
          (108, 572411)
          (216, 1.0233e+06)
          (432, 2.33855e+06)
          (864, 4.63825e+06)
          (1728, 9.788e+06)
          (3456, 1.94919e+07)
          (6912, 3.30043e+07)
          (13824, 5.20596e+07)
          (27648, 5.73754e+07)
          (55296, 9.02393e+07)
          (110592, 7.73494e+07)
          (221184, 1.13256e+08)
          (442368, 1.14529e+08)
          (884736, 1.15193e+08)
          (1769472, 1.1545e+08)
       };
       \addlegendentry{p=2, q=4}
       \addplot
       coordinates {
          (64, 334391)
          (128, 691234)
          (256, 1.25869e+06)
          (512, 2.38161e+06)
          (1024, 5.32492e+06)
          (2048, 1.1387e+07)
          (4096, 2.08017e+07)
          (8192, 3.80589e+07)
          (16384, 4.18112e+07)
          (32768, 7.37068e+07)
          (65536, 9.88079e+07)
          (131072, 1.10686e+08)
          (262144, 1.1585e+08)
          (524288, 9.24014e+07)
          (1048576, 4.26197e+07)
       };
       \addlegendentry{p=3, q=5}
       \addplot
       coordinates {
          (125, 621075)
          (250, 1.2766e+06)
          (500, 146397)
          (1000, 5.03365e+06)
          (2000, 3.0429e+06)
          (4000, 1.88951e+07)
          (8000, 3.02614e+07)
          (16000, 4.16473e+07)
          (32000, 5.33661e+07)
          (64000, 6.25749e+07)
          (128000, 6.9157e+07)
          (256000, 6.95325e+07)
          (512000, 7.29786e+07)
          (1024000, 4.27059e+07)
       };
       \addlegendentry{p=4, q=6}
       \addplot
       coordinates {
          (216, 147000)
          (432, 1.33866e+06)
          (864, 873515)
          (1728, 1.4721e+06)
          (3456, 2.10204e+06)
          (6912, 3.2246e+07)
          (13824, 5.03229e+06)
          (27648, 7.19683e+06)
          (55296, 1.42269e+07)
          (110592, 6.12619e+07)
          (221184, 6.07001e+07)
          (442368, 7.14271e+07)
          (884736, 7.55073e+07)
          (1769472, 7.08958e+07)
       };
       \addlegendentry{p=5, q=7}
       \addplot
       coordinates {
          (343, 2.22491e+06)
          (686, 4.5317e+06)
          (1372, 9.17267e+06)
          (2744, 1.92335e+07)
          (5488, 3.20414e+07)
          (10976, 4.68845e+07)
          (21952, 5.81179e+07)
          (43904, 7.14e+07)
          (87808, 7.95758e+07)
          (175616, 8.09498e+07)
          (351232, 7.58863e+07)
          (702464, 7.59586e+07)
          (1404928, 7.79178e+07)
       };
       \addlegendentry{p=6, q=8}
    \end{axis}
 \end{tikzpicture}
