
3d mesh advection operator. 
Orders: 0-6
Quad pts: order + 2

 \begin{tikzpicture}[scale=0.9]
    \begin{axis}[
       title={3D Advection Operator Application Performance},
       xlabel={Number of dofs},
       ylabel={Throughput [DoF/s]},
       legend pos=outer north east,
       grid=major,
       xmode = log,
       ymode = log,
       cycle list name=color list,
       ]
       \addplot
       coordinates {
          (1, 4552.21)
          (2, 3011.42)
          (4, 22940.1)
          (8, 49286.9)
          (16, 96759)
          (32, 182363)
          (64, 86539.8)
          (128, 741217)
          (256, 1.45306e+06)
          (512, 1.99032e+06)
          (1024, 3.43599e+06)
          (2048, 4.46978e+06)
          (4096, 5.47705e+06)
          (8192, 6.22399e+06)
          (16384, 6.17929e+06)
          (32768, 6.64369e+06)
          (65536, 6.63471e+06)
          (131072, 6.50677e+06)
          (262144, 5.69571e+06)
          (524288, 5.86457e+06)
          (1048576, 5.79077e+06)
       };
       \addlegendentry{p=0, q=2}
       \addplot
       coordinates {
          (8, 42331.9)
          (16, 83858.3)
          (32, 163982)
          (64, 301774)
          (128, 664944)
          (256, 1.32115e+06)
          (512, 2.53866e+06)
          (1024, 4.09441e+06)
          (2048, 5.75757e+06)
          (4096, 7.16503e+06)
          (8192, 8.41877e+06)
          (16384, 8.98995e+06)
          (32768, 9.33541e+06)
          (65536, 9.51964e+06)
          (131072, 9.45464e+06)
          (262144, 9.43843e+06)
          (524288, 9.05396e+06)
          (1048576, 8.83611e+06)
       };
       \addlegendentry{p=1, q=3}
       \addplot
       coordinates {
          (27, 139644)
          (54, 269527)
          (108, 529760)
          (216, 1.18743e+06)
          (432, 2.42954e+06)
          (864, 4.41379e+06)
          (1728, 6.56972e+06)
          (3456, 9.18171e+06)
          (6912, 1.1037e+07)
          (13824, 1.26802e+07)
          (27648, 1.35247e+07)
          (55296, 1.39333e+07)
          (110592, 1.32047e+07)
          (221184, 1.38572e+07)
          (442368, 1.27099e+07)
          (884736, 1.28946e+07)
          (1769472, 1.33262e+07)
       };
       \addlegendentry{p=2, q=4}
       \addplot
       coordinates {
          (64, 310169)
          (128, 663988)
          (256, 1.27484e+06)
          (512, 2.74262e+06)
          (1024, 4.94872e+06)
          (2048, 7.788e+06)
          (4096, 1.09463e+07)
          (8192, 1.39433e+07)
          (16384, 1.59151e+07)
          (32768, 1.68609e+07)
          (65536, 8.41669e+06)
          (131072, 1.71125e+07)
          (262144, 1.7634e+07)
          (524288, 1.59131e+07)
          (1048576, 1.65485e+07)
       };
       \addlegendentry{p=3, q=5}
       \addplot
       coordinates {
          (125, 595796)
          (250, 1.1481e+06)
          (500, 2.44094e+06)
          (1000, 4.87218e+06)
          (2000, 7.70513e+06)
          (4000, 1.02748e+07)
          (8000, 1.24721e+07)
          (16000, 1.46646e+07)
          (32000, 1.52369e+07)
          (64000, 1.55075e+07)
          (128000, 1.50044e+07)
          (256000, 1.26893e+07)
          (512000, 1.54431e+07)
          (1024000, 1.42744e+07)
       };
       \addlegendentry{p=4, q=6}
       \addplot
       coordinates {
          (216, 1.01553e+06)
          (432, 1.9191e+06)
          (864, 3.79342e+06)
          (1728, 7.40785e+06)
          (3456, 8.08197e+06)
          (6912, 1.33747e+07)
          (13824, 1.09731e+07)
          (27648, 1.66263e+07)
          (55296, 1.70486e+07)
          (110592, 1.66955e+07)
          (221184, 1.67598e+07)
          (442368, 1.60337e+07)
          (884736, 1.58945e+07)
          (1769472, 1.56403e+07)
       };
       \addlegendentry{p=5, q=7}
       \addplot
       coordinates {
          (343, 1.51407e+06)
          (686, 2.92477e+06)
          (1372, 5.66642e+06)
          (2744, 9.77911e+06)
          (5488, 1.53108e+07)
          (10976, 1.88181e+07)
          (21952, 2.07303e+07)
          (43904, 2.26326e+07)
          (87808, 2.30512e+07)
          (175616, 2.28499e+07)
          (351232, 1.88621e+07)
          (702464, 2.22948e+07)
          (1404928, 2.11283e+07)
       };
       \addlegendentry{p=6, q=8}
    \end{axis}
 \end{tikzpicture}
