
3D Speed-of-Light operator benchmarks

\begin{tikzpicture}[scale=0.9]
  \begin{axis}[
    title={Volume Speed-of-Light Operator},
    xlabel={Number of DoFs},
    ylabel={Throughput [DoF/s]},
    legend pos=outer north east,
    grid=major, xmode=log, ymode=log, cycle list name=color list
  ]
       \addplot coordinates {
          (1, 3931.98)
          (2, 3048.45)
          (4, 20122.8)
          (8, 41018.2)
          (16, 80498.5)
          (32, 38972.7)
          (64, 331980)
          (128, 660848)
          (256, 1.17188e+06)
          (512, 2.60659e+06)
          (1024, 5.28411e+06)
          (2048, 1.05417e+07)
          (4096, 2.09722e+07)
          (8192, 4.28472e+07)
          (16384, 7.72445e+07)
          (32768, 1.1787e+08)
          (65536, 1.51693e+08)
          (131072, 1.87747e+08)
          (262144, 7.51176e+07)
          (524288, 1.13278e+08)
          (1048576, 1.81471e+08)
       };\addlegendentry{vol p=0}
       \addplot coordinates {
          (8, 41117.9)
          (16, 88407.3)
          (32, 181822)
          (64, 371375)
          (128, 681787)
          (256, 1.41848e+06)
          (512, 2.71553e+06)
          (1024, 6.93028e+06)
          (2048, 1.1695e+07)
          (4096, 2.70744e+07)
          (8192, 5.41254e+07)
          (16384, 1.14579e+08)
          (32768, 2.32556e+08)
          (65536, 3.84934e+08)
          (131072, 5.53611e+08)
          (262144, 6.96511e+08)
          (524288, 7.21161e+08)
          (1048576, 5.87772e+08)
       };\addlegendentry{vol p=1}
       \addplot coordinates {
          (27, 186029)
          (54, 372043)
          (108, 754325)
          (216, 1.4868e+06)
          (432, 2.99008e+06)
          (864, 5.02806e+06)
          (1728, 1.15284e+07)
          (3456, 2.26207e+07)
          (6912, 4.79855e+07)
          (13824, 9.7586e+07)
          (27648, 2.06104e+08)
          (55296, 3.4122e+08)
          (110592, 5.1753e+08)
          (221184, 6.82278e+08)
          (442368, 7.89876e+08)
          (884736, 8.30037e+08)
          (1769472, 7.81145e+08)
       };\addlegendentry{vol p=2}
       \addplot coordinates {
          (64, 429261)
          (128, 881880)
          (256, 1.75573e+06)
          (512, 3.54321e+06)
          (1024, 6.96296e+06)
          (2048, 1.39706e+07)
          (4096, 2.76648e+07)
          (8192, 5.58528e+07)
          (16384, 1.18401e+08)
          (32768, 1.8613e+08)
          (65536, 3.4416e+08)
          (131072, 4.81315e+08)
          (262144, 5.9069e+08)
          (524288, 6.61275e+08)
          (1048576, 6.44091e+08)
       };\addlegendentry{vol p=3}
       \addplot coordinates {
          (125, 819587)
          (250, 1.69918e+06)
          (500, 3.45867e+06)
          (1000, 6.96292e+06)
          (2000, 1.38747e+07)
          (4000, 2.77757e+07)
          (8000, 5.68833e+07)
          (16000, 1.15e+08)
          (32000, 2.46188e+08)
          (64000, 4.03701e+08)
          (128000, 6.06383e+08)
          (256000, 8.04217e+08)
          (512000, 9.24645e+08)
          (1024000, 1.01709e+09)
       };\addlegendentry{vol p=4}
       \addplot coordinates {
          (216, 1.49479e+06)
          (432, 3.0096e+06)
          (864, 5.83837e+06)
          (1728, 1.2163e+07)
          (3456, 2.34833e+07)
          (6912, 4.79994e+07)
          (13824, 9.69141e+07)
          (27648, 2.09644e+08)
          (55296, 4.02364e+08)
          (110592, 6.10649e+08)
          (221184, 8.92949e+08)
          (442368, 1.1223e+09)
          (884736, 1.14705e+09)
          (1769472, 1.11234e+09)
       };\addlegendentry{vol p=5}
       \addplot coordinates {
          (343, 2.19879e+06)
          (686, 4.76659e+06)
          (1372, 9.42501e+06)
          (2744, 1.87599e+07)
          (5488, 3.80211e+07)
          (10976, 7.60876e+07)
          (21952, 1.58095e+08)
          (43904, 3.06621e+08)
          (87808, 5.9184e+08)
          (175616, 9.07463e+08)
          (351232, 1.20105e+09)
          (702464, 1.18794e+09)
          (1404928, 1.04946e+09)
       };\addlegendentry{vol p=6}
  \end{axis}
\end{tikzpicture}

\begin{tikzpicture}[scale=0.9]
  \begin{axis}[
    title={Face Read Speed-of-Light Operator},
    xlabel={Number of DoFs},
    ylabel={Throughput [DoF/s]},
    legend pos=outer north east,
    grid=major, xmode=log, ymode=log, cycle list name=color list
  ]
       \addplot coordinates {
          (1, 6971.88)
          (2, 13735.7)
          (4, 27919.4)
          (8, 53301.2)
          (16, 109769)
          (32, 218597)
          (64, 439265)
          (128, 748372)
          (256, 1.78591e+06)
          (512, 3.51311e+06)
          (1024, 7.19383e+06)
          (2048, 1.50335e+07)
          (4096, 2.54673e+07)
          (8192, 3.96355e+07)
          (16384, 5.4678e+07)
          (32768, 6.81015e+07)
          (65536, 7.10051e+07)
          (131072, 5.79629e+07)
          (262144, 5.76814e+07)
          (524288, 7.34476e+07)
          (1048576, 6.28152e+07)
       };\addlegendentry{read p=0}
       \addplot coordinates {
          (8, 55047.5)
          (16, 107204)
          (32, 226007)
          (64, 434534)
          (128, 735434)
          (256, 1.7635e+06)
          (512, 3.54036e+06)
          (1024, 6.97184e+06)
          (2048, 1.47836e+07)
          (4096, 2.97384e+07)
          (8192, 5.11599e+07)
          (16384, 7.34295e+07)
          (32768, 1.00817e+08)
          (65536, 1.05964e+08)
          (131072, 1.22422e+08)
          (262144, 1.23061e+08)
          (524288, 1.20327e+08)
          (1048576, 1.20621e+08)
       };\addlegendentry{read p=1}
       \addplot coordinates {
          (27, 185250)
          (54, 369701)
          (108, 746626)
          (216, 1.45763e+06)
          (432, 2.90284e+06)
          (864, 5.89982e+06)
          (1728, 1.19623e+07)
          (3456, 2.35969e+07)
          (6912, 4.93182e+07)
          (13824, 8.63917e+07)
          (27648, 1.19772e+08)
          (55296, 1.72891e+08)
          (110592, 2.23354e+08)
          (221184, 2.34067e+08)
          (442368, 2.2744e+08)
          (884736, 2.18259e+08)
          (1769472, 2.0898e+08)
       };\addlegendentry{read p=2}
       \addplot coordinates {
          (64, 429235)
          (128, 889576)
          (256, 1.74799e+06)
          (512, 3.52145e+06)
          (1024, 7.0835e+06)
          (2048, 1.46296e+07)
          (4096, 3.01046e+07)
          (8192, 5.27956e+07)
          (16384, 7.61862e+07)
          (32768, 1.06584e+08)
          (65536, 1.23646e+08)
          (131072, 1.31779e+08)
          (262144, 1.39695e+08)
          (524288, 1.34216e+08)
          (1048576, 1.27612e+08)
       };\addlegendentry{read p=3}
       \addplot coordinates {
          (125, 859834)
          (250, 1.74224e+06)
          (500, 3.45788e+06)
          (1000, 6.76689e+06)
          (2000, 1.41863e+07)
          (4000, 2.75186e+07)
          (8000, 5.50892e+07)
          (16000, 8.90264e+07)
          (32000, 1.26394e+08)
          (64000, 1.44542e+08)
          (128000, 1.68515e+08)
          (256000, 1.79072e+08)
          (512000, 9.53707e+07)
          (1024000, 1.38176e+08)
       };\addlegendentry{read p=4}
       \addplot coordinates {
          (216, 1.46321e+06)
          (432, 2.99575e+06)
          (864, 6.0755e+06)
          (1728, 1.20554e+07)
          (3456, 2.47421e+07)
          (6912, 4.00317e+07)
          (13824, 9.68735e+07)
          (27648, 1.64385e+08)
          (55296, 2.27827e+08)
          (110592, 2.78358e+08)
          (221184, 3.05273e+08)
          (442368, 3.22059e+08)
          (884736, 3.12397e+08)
          (1769472, 3.03762e+08)
       };\addlegendentry{read p=5}
       \addplot coordinates {
          (343, 2.30011e+06)
          (686, 4.70682e+06)
          (1372, 9.21366e+06)
          (2744, 1.932e+07)
          (5488, 3.24586e+07)
          (10976, 7.51098e+07)
          (21952, 1.28395e+08)
          (43904, 1.85788e+08)
          (87808, 2.34897e+08)
          (175616, 2.64523e+08)
          (351232, 2.74654e+08)
          (702464, 2.77492e+08)
          (1404928, 2.696e+08)
       };\addlegendentry{read p=6}
  \end{axis}
\end{tikzpicture}

\begin{tikzpicture}[scale=0.9]
  \begin{axis}[
    title={Face Write Speed-of-Light Operator},
    xlabel={Number of DoFs},
    ylabel={Throughput [DoF/s]},
    legend pos=outer north east,
    grid=major, xmode=log, ymode=log, cycle list name=color list
  ]
       \addplot coordinates {
          (1, 6848.12)
          (2, 13516.1)
          (4, 27367.3)
          (8, 52868.2)
          (16, 110484)
          (32, 222274)
          (64, 408834)
          (128, 911481)
          (256, 1.71546e+06)
          (512, 2.80729e+06)
          (1024, 3.98489e+06)
          (2048, 4.84276e+06)
          (4096, 5.89852e+06)
          (8192, 6.71817e+06)
          (16384, 8.15136e+06)
          (32768, 8.88562e+06)
          (65536, 8.35923e+06)
          (131072, 1.04051e+07)
          (262144, 1.23823e+07)
          (524288, 1.49882e+07)
          (1048576, 2.40697e+07)
       };\addlegendentry{write p=0}
       \addplot coordinates {
          (8, 54414.4)
          (16, 110237)
          (32, 221838)
          (64, 437378)
          (128, 842856)
          (256, 1.81515e+06)
          (512, 3.73391e+06)
          (1024, 6.76113e+06)
          (2048, 1.07023e+07)
          (4096, 1.45444e+07)
          (8192, 1.53201e+07)
          (16384, 2.07576e+07)
          (32768, 2.34168e+07)
          (65536, 2.60898e+07)
          (131072, 2.9793e+07)
          (262144, 3.21352e+07)
          (524288, 3.27827e+07)
          (1048576, 3.13104e+07)
       };\addlegendentry{write p=1}
       \addplot coordinates {
          (27, 177727)
          (54, 368543)
          (108, 494195)
          (216, 1.45642e+06)
          (432, 2.90736e+06)
          (864, 5.96269e+06)
          (1728, 9.63477e+06)
          (3456, 1.55673e+07)
          (6912, 1.75566e+07)
          (13824, 2.36428e+07)
          (27648, 2.51718e+07)
          (55296, 2.88934e+07)
          (110592, 3.16814e+07)
          (221184, 3.55433e+07)
          (442368, 3.72297e+07)
          (884736, 3.72382e+07)
          (1769472, 3.80753e+07)
       };\addlegendentry{write p=2}
       \addplot coordinates {
          (64, 435906)
          (128, 874844)
          (256, 1.77383e+06)
          (512, 3.64815e+06)
          (1024, 7.25584e+06)
          (2048, 3.84039e+06)
          (4096, 1.75225e+07)
          (8192, 1.9431e+07)
          (16384, 2.62031e+07)
          (32768, 2.67741e+07)
          (65536, 2.98234e+07)
          (131072, 3.28461e+07)
          (262144, 3.47304e+07)
          (524288, 3.41647e+07)
          (1048576, 3.45086e+07)
       };\addlegendentry{write p=3}
       \addplot coordinates {
          (125, 860835)
          (250, 1.73372e+06)
          (500, 2.38193e+06)
          (1000, 5.51527e+06)
          (2000, 1.09143e+07)
          (4000, 1.7839e+07)
          (8000, 2.13675e+07)
          (16000, 2.59896e+07)
          (32000, 2.81185e+07)
          (64000, 3.05213e+07)
          (128000, 3.4439e+07)
          (256000, 3.76903e+07)
          (512000, 3.98008e+07)
          (1024000, 3.88344e+07)
       };\addlegendentry{write p=4}
       \addplot coordinates {
          (216, 1.46144e+06)
          (432, 2.54638e+06)
          (864, 6.07331e+06)
          (1728, 8.68792e+06)
          (3456, 1.46797e+07)
          (6912, 2.49799e+07)
          (13824, 2.48378e+07)
          (27648, 3.21714e+07)
          (55296, 3.54435e+07)
          (110592, 3.91895e+07)
          (221184, 4.20665e+07)
          (442368, 4.39252e+07)
          (884736, 3.89655e+07)
          (1769472, 4.59142e+07)
       };\addlegendentry{write p=5}
       \addplot coordinates {
          (343, 2.35301e+06)
          (686, 4.79611e+06)
          (1372, 9.32374e+06)
          (2744, 1.69512e+07)
          (5488, 2.1935e+07)
          (10976, 3.05777e+07)
          (21952, 3.19148e+07)
          (43904, 3.83605e+07)
          (87808, 4.22386e+07)
          (175616, 4.60239e+07)
          (351232, 4.7951e+07)
          (702464, 4.90618e+07)
          (1404928, 4.77946e+07)
       };\addlegendentry{write p=6}
  \end{axis}
\end{tikzpicture}

\begin{tikzpicture}[scale=0.9]
  \begin{axis}[
    title={Global Face Speed-of-Light Operator},
    xlabel={Number of DoFs},
    ylabel={Throughput [DoF/s]},
    legend pos=south east,
    grid=major, xmode=log, ymode=log, cycle list name=color list
  ]
       \addplot coordinates {
          (1, 1850.88)
          (2, 4416.98)
          (4, 9264.44)
          (8, 18459.2)
          (16, 36007)
          (32, 74011.4)
          (64, 145982)
          (128, 299440)
          (256, 584095)
          (512, 1.13225e+06)
          (1024, 2.06681e+06)
          (2048, 3.27313e+06)
          (4096, 4.99148e+06)
          (8192, 6.23638e+06)
          (16384, 7.98067e+06)
          (32768, 8.45266e+06)
          (65536, 8.74038e+06)
          (131072, 8.0009e+06)
          (262144, 8.25348e+06)
          (524288, 9.58279e+06)
          (1048576, 1.76132e+07)
       };\addlegendentry{write p=0}
       \addplot coordinates {
          (8, 18274)
          (16, 33956.3)
          (32, 74000.6)
          (64, 146371)
          (128, 293666)
          (256, 587284)
          (512, 1.17145e+06)
          (1024, 1.91648e+06)
          (2048, 4.71514e+06)
          (4096, 4.79035e+06)
          (8192, 6.82193e+06)
          (16384, 1.51667e+07)
          (32768, 1.07499e+07)
          (65536, 1.92212e+07)
          (131072, 2.58833e+07)
          (262144, 2.15783e+07)
          (524288, 2.90474e+07)
          (1048576, 3.03874e+07)
       };\addlegendentry{write p=1}
       \addplot coordinates {
          (27, 57518.9)
          (54, 125406)
          (108, 247313)
          (216, 497235)
          (432, 980486)
          (864, 2.03403e+06)
          (1728, 4.14455e+06)
          (3456, 7.73233e+06)
          (6912, 1.28856e+07)
          (13824, 1.85066e+07)
          (27648, 2.34169e+07)
          (55296, 2.76439e+07)
          (110592, 1.76237e+07)
          (221184, 1.94244e+07)
          (442368, 3.31715e+07)
          (884736, 3.31776e+07)
          (1769472, 3.28829e+07)
       };\addlegendentry{write p=2}
       \addplot coordinates {
          (64, 147285)
          (128, 290194)
          (256, 583376)
          (512, 1.17771e+06)
          (1024, 1.81886e+06)
          (2048, 4.81867e+06)
          (4096, 9.05564e+06)
          (8192, 1.50155e+07)
          (16384, 2.05756e+07)
          (32768, 2.50985e+07)
          (65536, 2.85746e+07)
          (131072, 3.09459e+07)
          (262144, 3.22743e+07)
          (524288, 3.18848e+07)
          (1048576, 3.03656e+07)
       };\addlegendentry{write p=3}
       \addplot coordinates {
          (125, 285345)
          (250, 435541)
          (500, 1.1654e+06)
          (1000, 2.26777e+06)
          (2000, 4.72017e+06)
          (4000, 9.50181e+06)
          (8000, 1.31909e+07)
          (16000, 1.65884e+07)
          (32000, 2.79406e+07)
          (64000, 2.76059e+07)
          (128000, 3.47416e+07)
          (256000, 3.71406e+07)
          (512000, 3.88102e+07)
          (1024000, 3.50471e+07)
       };\addlegendentry{write p=4}
       \addplot coordinates {
          (216, 458693)
          (432, 999997)
          (864, 2.01112e+06)
          (1728, 4.07405e+06)
          (3456, 8.23798e+06)
          (6912, 1.43726e+07)
          (13824, 2.19976e+07)
          (27648, 2.94248e+07)
          (55296, 3.70057e+07)
          (110592, 2.88547e+07)
          (221184, 3.08247e+07)
          (442368, 4.30809e+07)
          (884736, 4.84595e+07)
          (1769472, 4.66409e+07)
       };\addlegendentry{write p=5}
       \addplot coordinates {
          (343, 680521)
          (686, 1.47638e+06)
          (1372, 3.23216e+06)
          (2744, 6.41913e+06)
          (5488, 1.27975e+07)
          (10976, 2.05875e+07)
          (21952, 2.63989e+07)
          (43904, 3.51611e+07)
          (87808, 4.07311e+07)
          (175616, 4.30734e+07)
          (351232, 4.5171e+07)
          (702464, 4.72358e+07)
          (1404928, 4.54658e+07)
       };\addlegendentry{write p=6}
  \end{axis}
\end{tikzpicture}
