
4d mesh mass operator. 
Orders: 0-6
Quad pts: order + 2

 \begin{tikzpicture}[scale=0.9]
    \begin{axis}[
       title={4D Mass Operator Application Performance},
       xlabel={Number of dofs},
       ylabel={Throughput [DoF/s]},
       legend pos=outer north east,
       grid=major,
       xmode = log,
       ymode = log,
       cycle list name=color list,
       ]
       \addplot
       coordinates {
          (1, 4466.19)
          (2, 3084.88)
          (4, 22932.4)
          (8, 48860.3)
          (16, 96954)
          (32, 185973)
          (64, 89423.4)
          (128, 773678)
          (256, 1.52484e+06)
          (512, 3.12808e+06)
          (1024, 6.12366e+06)
          (2048, 7.4764e+06)
          (4096, 2.53165e+07)
          (8192, 4.748e+07)
          (16384, 7.11188e+07)
          (32768, 9.20834e+07)
          (65536, 1.10891e+08)
          (131072, 1.20213e+08)
          (262144, 1.26925e+08)
          (524288, 1.2983e+08)
          (1048576, 1.31341e+08)
       };
       \addlegendentry{p=0, q=2}
       \addplot
       coordinates {
          (16, 109339)
          (32, 220712)
          (64, 441905)
          (128, 877643)
          (256, 1.80014e+06)
          (512, 3.57819e+06)
          (1024, 7.45308e+06)
          (2048, 1.25617e+07)
          (4096, 1.85417e+07)
          (8192, 2.29772e+07)
          (16384, 2.94814e+07)
          (32768, 3.33849e+07)
          (65536, 3.47212e+07)
          (131072, 3.59741e+07)
          (262144, 3.6509e+07)
          (524288, 3.64549e+07)
          (1048576, 3.29846e+07)
       };
       \addlegendentry{p=1, q=3}
       \addplot
       coordinates {
          (81, 555985)
          (162, 1.13537e+06)
          (324, 2.24642e+06)
          (648, 4.61924e+06)
          (1296, 9.09816e+06)
          (2592, 1.88489e+07)
          (5184, 3.16379e+07)
          (10368, 4.67177e+07)
          (20736, 6.20778e+07)
          (41472, 7.34532e+07)
          (82944, 8.4848e+07)
          (165888, 8.91102e+07)
          (331776, 9.08812e+07)
          (663552, 9.17634e+07)
          (1327104, 8.89899e+07)
       };
       \addlegendentry{p=2, q=4}
       \addplot
       coordinates {
          (256, 1.72322e+06)
          (512, 3.50257e+06)
          (1024, 7.07019e+06)
          (2048, 1.20374e+07)
          (4096, 2.83776e+07)
          (8192, 1.0601e+07)
          (16384, 6.53446e+07)
          (32768, 2.2009e+07)
          (65536, 5.58847e+07)
          (131072, 3.92462e+07)
          (262144, 1.15739e+08)
          (524288, 1.13549e+08)
          (1048576, 8.15688e+07)
       };
       \addlegendentry{p=3, q=5}
       \addplot
       coordinates {
          (625, 3.6392e+06)
          (1250, 7.61352e+06)
          (2500, 1.51855e+07)
          (5000, 3.05493e+07)
          (10000, 4.83996e+07)
          (20000, 6.69957e+07)
          (40000, 8.28142e+07)
          (80000, 9.48369e+07)
          (160000, 9.97688e+07)
          (320000, 1.03872e+08)
          (640000, 1.05161e+08)
          (1280000, 1.05866e+08)
       };
       \addlegendentry{p=4, q=6}
       \addplot
       coordinates {
          (1296, 5.77321e+06)
          (2592, 1.17745e+07)
          (5184, 2.41991e+07)
          (10368, 3.78357e+07)
          (20736, 6.57938e+07)
          (41472, 7.79401e+07)
          (82944, 6.63636e+07)
          (165888, 9.46203e+07)
          (331776, 9.85621e+07)
          (663552, 9.81572e+07)
          (1327104, 9.95086e+07)
       };
       \addlegendentry{p=5, q=7}
       \addplot
       coordinates {
          (2401, 7.3925e+06)
          (4802, 1.49951e+07)
          (9604, 2.99576e+07)
          (19208, 5.97865e+07)
          (38416, 6.55307e+07)
          (76832, 8.22775e+07)
          (153664, 8.73574e+07)
          (307328, 6.32672e+07)
          (614656, 6.26242e+07)
          (1229312, 9.09435e+07)
       };
       \addlegendentry{p=6, q=8}
    \end{axis}
 \end{tikzpicture}
