
4d mesh advection operator. 
Orders: 0-6
Quad pts: order + 1

 \begin{tikzpicture}[scale=0.9]
    \begin{axis}[
       title={4D Advection Operator Application Performance},
       xlabel={Number of dofs},
       ylabel={Throughput [DoF/s]},
       legend pos=outer north east,
       grid=major,
       xmode = log,
       ymode = log,
       cycle list name=color list,
       ]
       \addplot
       coordinates {
          (1, 4500.16)
          (2, 2981.12)
          (4, 18682.8)
          (8, 43288.5)
          (16, 56905.8)
          (32, 41360.1)
          (64, 341632)
          (128, 704714)
          (256, 353907)
          (512, 2.55764e+06)
          (1024, 1.36678e+06)
          (2048, 1.96665e+06)
          (4096, 3.13712e+06)
          (8192, 5.02905e+06)
          (16384, 8.20918e+06)
          (32768, 1.19292e+07)
          (65536, 1.22429e+07)
          (131072, 1.24027e+07)
          (262144, 1.20114e+07)
          (524288, 1.12662e+07)
          (1048576, 1.13063e+07)
       };
       \addlegendentry{p=0, q=1}
       \addplot
       coordinates {
          (16, 72380.6)
          (32, 146085)
          (64, 339389)
          (128, 455313)
          (256, 1.35286e+06)
          (512, 2.9207e+06)
          (1024, 4.74971e+06)
          (2048, 7.1433e+06)
          (4096, 9.8859e+06)
          (8192, 1.22726e+07)
          (16384, 1.33758e+07)
          (32768, 1.40001e+07)
          (65536, 1.41767e+07)
          (131072, 1.40511e+07)
          (262144, 1.17398e+07)
          (524288, 1.35656e+07)
          (1048576, 1.25814e+07)
       };
       \addlegendentry{p=1, q=2}
       \addplot
       coordinates {
          (81, 410256)
          (162, 828455)
          (324, 1.63686e+06)
          (648, 3.40248e+06)
          (1296, 5.91178e+06)
          (2592, 8.419e+06)
          (5184, 1.06921e+07)
          (10368, 1.19308e+07)
          (20736, 1.25787e+07)
          (41472, 1.32807e+07)
          (82944, 1.31031e+07)
          (165888, 9.5549e+06)
          (331776, 1.24165e+07)
          (663552, 1.18187e+07)
          (1327104, 1.18276e+07)
       };
       \addlegendentry{p=2, q=3}
       \addplot
       coordinates {
          (256, 1.18536e+06)
          (512, 2.50141e+06)
          (1024, 4.74375e+06)
          (2048, 9.50518e+06)
          (4096, 1.29786e+07)
          (8192, 1.80181e+07)
          (16384, 2.1166e+07)
          (32768, 1.66676e+07)
          (65536, 2.26911e+07)
          (131072, 2.28419e+07)
          (262144, 1.74158e+07)
          (524288, 2.2242e+07)
          (1048576, 2.06966e+07)
       };
       \addlegendentry{p=3, q=4}
       \addplot
       coordinates {
          (625, 2.78295e+06)
          (1250, 4.76428e+06)
          (2500, 8.49294e+06)
          (5000, 1.50342e+07)
          (10000, 1.84712e+07)
          (20000, 1.91766e+07)
          (40000, 1.97115e+07)
          (80000, 1.93372e+07)
          (160000, 1.87964e+07)
          (320000, 1.8495e+07)
          (640000, 1.58973e+07)
          (1280000, 1.72179e+07)
       };
       \addlegendentry{p=4, q=5}
       \addplot
       coordinates {
          (1296, 4.22993e+06)
          (2592, 6.74335e+06)
          (5184, 1.15835e+07)
          (10368, 1.99025e+07)
          (20736, 2.17404e+07)
          (41472, 2.03274e+07)
          (82944, 1.96967e+07)
          (165888, 1.88075e+07)
          (331776, 1.80112e+07)
          (663552, 1.67364e+07)
          (1327104, 1.63392e+07)
       };
       \addlegendentry{p=5, q=6}
       \addplot
       coordinates {
          (2401, 4.73924e+06)
          (4802, 6.36381e+06)
          (9604, 1.20499e+07)
          (19208, 2.04962e+07)
          (38416, 2.05115e+07)
          (76832, 1.87136e+07)
          (153664, 1.78878e+07)
          (307328, 1.71174e+07)
          (614656, 1.52932e+07)
          (1229312, 1.52819e+07)
       };
       \addlegendentry{p=6, q=7}
    \end{axis}
 \end{tikzpicture}
