
3d mesh mass operator. 
Orders: 0-6
Quad pts: order + 2

 \begin{tikzpicture}[scale=0.9]
    \begin{axis}[
       title={3D Mass Operator Application Performance},
       xlabel={Number of dofs},
       ylabel={Throughput [DoF/s]},
       legend pos=outer north east,
       grid=major,
       xmode = log,
       ymode = log,
       cycle list name=color list,
       ]
       \addplot
       coordinates {
          (1, 4726.2)
          (2, 2671.53)
          (4, 22636.7)
          (8, 44028.3)
          (16, 88420.2)
          (32, 36518.8)
          (64, 350642)
          (128, 711751)
          (256, 1.4273e+06)
          (512, 2.31806e+06)
          (1024, 3.85636e+06)
          (2048, 5.60045e+06)
          (4096, 7.5653e+06)
          (8192, 1.07229e+07)
          (16384, 1.31352e+07)
          (32768, 1.49566e+07)
          (65536, 1.67635e+07)
          (131072, 1.70416e+07)
          (262144, 3.395e+07)
          (524288, 3.22215e+07)
          (1048576, 3.43598e+07)
       };
       \addlegendentry{p=0, q=2}
       \addplot
       coordinates {
          (8, 55371)
          (16, 115989)
          (32, 230624)
          (64, 457169)
          (128, 906112)
          (256, 1.74683e+06)
          (512, 3.29329e+06)
          (1024, 5.89396e+06)
          (2048, 9.7255e+06)
          (4096, 1.44252e+07)
          (8192, 1.86307e+07)
          (16384, 2.01155e+07)
          (32768, 2.4335e+07)
          (65536, 2.44767e+07)
          (131072, 2.43222e+07)
          (262144, 2.49557e+07)
          (524288, 1.82613e+07)
          (1048576, 2.6258e+07)
       };
       \addlegendentry{p=1, q=3}
       \addplot
       coordinates {
          (27, 194455)
          (54, 374232)
          (108, 663547)
          (216, 1.47338e+06)
          (432, 2.77113e+06)
          (864, 5.11686e+06)
          (1728, 8.66899e+06)
          (3456, 1.30443e+07)
          (6912, 1.75386e+07)
          (13824, 2.11237e+07)
          (27648, 2.08123e+07)
          (55296, 2.51324e+07)
          (110592, 2.58891e+07)
          (221184, 2.52835e+07)
          (442368, 2.67588e+07)
          (884736, 2.68771e+07)
          (1769472, 2.68177e+07)
       };
       \addlegendentry{p=2, q=4}
       \addplot
       coordinates {
          (64, 461554)
          (128, 832680)
          (256, 1.66989e+06)
          (512, 3.27293e+06)
          (1024, 5.80007e+06)
          (2048, 1.01341e+07)
          (4096, 1.54323e+07)
          (8192, 2.02672e+07)
          (16384, 2.49314e+07)
          (32768, 2.78827e+07)
          (65536, 3.06209e+07)
          (131072, 3.21281e+07)
          (262144, 3.3743e+07)
          (524288, 3.31185e+07)
          (1048576, 3.42798e+07)
       };
       \addlegendentry{p=3, q=5}
       \addplot
       coordinates {
          (125, 923798)
          (250, 1.39035e+06)
          (500, 2.60496e+06)
          (1000, 4.70885e+06)
          (2000, 7.62899e+06)
          (4000, 1.16392e+07)
          (8000, 1.45037e+07)
          (16000, 1.65734e+07)
          (32000, 1.70104e+07)
          (64000, 1.86543e+07)
          (128000, 1.89711e+07)
          (256000, 1.85434e+07)
          (512000, 1.88679e+07)
          (1024000, 1.91715e+07)
       };
       \addlegendentry{p=4, q=6}
       \addplot
       coordinates {
          (216, 1.57301e+06)
          (432, 2.24616e+06)
          (864, 4.14388e+06)
          (1728, 8.08613e+06)
          (3456, 1.20225e+07)
          (6912, 1.72986e+07)
          (13824, 2.17308e+07)
          (27648, 2.43098e+07)
          (55296, 2.51767e+07)
          (110592, 2.64043e+07)
          (221184, 2.65594e+07)
          (442368, 2.65812e+07)
          (884736, 2.64531e+07)
          (1769472, 2.68704e+07)
       };
       \addlegendentry{p=5, q=7}
       \addplot
       coordinates {
          (343, 885925)
          (686, 2.124e+06)
          (1372, 5.49944e+06)
          (2744, 9.93027e+06)
          (5488, 1.37988e+07)
          (10976, 1.22552e+07)
          (21952, 1.64033e+07)
          (43904, 2.34962e+07)
          (87808, 2.4607e+07)
          (175616, 2.53364e+07)
          (351232, 2.52668e+07)
          (702464, 2.60724e+07)
          (1404928, 2.62009e+07)
       };
       \addlegendentry{p=6, q=8}
    \end{axis}
 \end{tikzpicture}
