
3D Speed-of-Light operator benchmarks

\begin{tikzpicture}[scale=0.9]
  \begin{axis}[
    title={Volume Speed-of-Light Operator},
    xlabel={Number of DoFs},
    ylabel={Throughput [DoF/s]},
    legend pos=outer north east,
    grid=major, xmode=log, ymode=log, cycle list name=color list
  ]
       \addplot coordinates {
          (1, 4639.03)
          (2, 5650.08)
          (4, 19231.8)
          (8, 44016.8)
          (16, 88792.6)
          (32, 176272)
          (64, 80689.8)
          (128, 694287)
          (256, 1.39026e+06)
          (512, 2.98943e+06)
          (1024, 5.54597e+06)
          (2048, 1.02476e+07)
          (4096, 1.85123e+07)
          (8192, 3.98729e+07)
          (16384, 6.96851e+07)
          (32768, 1.27725e+08)
          (65536, 1.83034e+08)
          (131072, 1.91365e+08)
          (262144, 2.22016e+08)
          (524288, 2.67577e+08)
          (1048576, 3.18805e+08)
       };\addlegendentry{vol p=0}
       \addplot coordinates {
          (8, 58821.7)
          (16, 116418)
          (32, 232735)
          (64, 467627)
          (128, 947094)
          (256, 1.86475e+06)
          (512, 3.70245e+06)
          (1024, 7.53907e+06)
          (2048, 1.46098e+07)
          (4096, 2.97592e+07)
          (8192, 5.78473e+07)
          (16384, 1.12724e+08)
          (32768, 1.24668e+08)
          (65536, 3.4432e+08)
          (131072, 5.04313e+08)
          (262144, 7.28875e+08)
          (524288, 8.762e+08)
          (1048576, 8.90468e+08)
       };\addlegendentry{vol p=1}
       \addplot coordinates {
          (27, 195963)
          (54, 395644)
          (108, 794197)
          (216, 1.57134e+06)
          (432, 3.13744e+06)
          (864, 6.25542e+06)
          (1728, 1.26413e+07)
          (3456, 2.47028e+07)
          (6912, 4.89558e+07)
          (13824, 9.38124e+07)
          (27648, 1.78559e+08)
          (55296, 3.00777e+08)
          (110592, 4.44829e+08)
          (221184, 3.51288e+08)
          (442368, 3.51642e+08)
          (884736, 4.4436e+08)
          (1769472, 4.56111e+08)
       };\addlegendentry{vol p=2}
       \addplot coordinates {
          (64, 401876)
          (128, 881722)
          (256, 1.87075e+06)
          (512, 3.71652e+06)
          (1024, 7.09216e+06)
          (2048, 5.09972e+06)
          (4096, 2.2884e+07)
          (8192, 4.49239e+07)
          (16384, 7.13699e+07)
          (32768, 1.02786e+08)
          (65536, 1.29743e+08)
          (131072, 1.39222e+08)
          (262144, 1.29156e+08)
          (524288, 1.58213e+08)
          (1048576, 1.61786e+08)
       };\addlegendentry{vol p=3}
       \addplot coordinates {
          (125, 902772)
          (250, 1.82504e+06)
          (500, 3.65771e+06)
          (1000, 7.10805e+06)
          (2000, 1.39816e+07)
          (4000, 2.80542e+07)
          (8000, 5.39096e+07)
          (16000, 9.2343e+07)
          (32000, 1.7497e+08)
          (64000, 2.80381e+08)
          (128000, 3.94124e+08)
          (256000, 4.88566e+08)
          (512000, 5.51124e+08)
          (1024000, 5.88184e+08)
       };\addlegendentry{vol p=4}
       \addplot coordinates {
          (216, 1.55939e+06)
          (432, 3.12757e+06)
          (864, 6.23165e+06)
          (1728, 1.21392e+07)
          (3456, 2.37899e+07)
          (6912, 4.5847e+07)
          (13824, 8.59587e+07)
          (27648, 1.50806e+08)
          (55296, 2.47945e+08)
          (110592, 3.6412e+08)
          (221184, 4.73965e+08)
          (442368, 5.43194e+08)
          (884736, 5.84504e+08)
          (1769472, 6.02536e+08)
       };\addlegendentry{vol p=5}
       \addplot coordinates {
          (343, 2.47009e+06)
          (686, 4.21429e+06)
          (1372, 9.7216e+06)
          (2744, 1.88748e+07)
          (5488, 3.63779e+07)
          (10976, 7.02865e+07)
          (21952, 1.26067e+08)
          (43904, 2.13552e+08)
          (87808, 3.22225e+08)
          (175616, 4.4047e+08)
          (351232, 5.20164e+08)
          (702464, 5.94958e+08)
          (1404928, 6.18267e+08)
       };\addlegendentry{vol p=6}
  \end{axis}
\end{tikzpicture}

\begin{tikzpicture}[scale=0.9]
  \begin{axis}[
    title={Face Read Speed-of-Light Operator},
    xlabel={Number of DoFs},
    ylabel={Throughput [DoF/s]},
    legend pos=outer north east,
    grid=major, xmode=log, ymode=log, cycle list name=color list
  ]
       \addplot coordinates {
          (1, 7206.06)
          (2, 14603.5)
          (4, 29255.9)
          (8, 56510.5)
          (16, 116340)
          (32, 235539)
          (64, 460300)
          (128, 918378)
          (256, 1.79053e+06)
          (512, 3.47075e+06)
          (1024, 6.48308e+06)
          (2048, 1.12994e+07)
          (4096, 1.8118e+07)
          (8192, 2.57909e+07)
          (16384, 3.31046e+07)
          (32768, 3.69062e+07)
          (65536, 4.01983e+07)
          (131072, 3.93842e+07)
          (262144, 3.91412e+07)
          (524288, 3.94084e+07)
          (1048576, 3.93217e+07)
       };\addlegendentry{read p=0}
       \addplot coordinates {
          (8, 57116.9)
          (16, 117440)
          (32, 231557)
          (64, 463205)
          (128, 896648)
          (256, 1.81325e+06)
          (512, 3.51557e+06)
          (1024, 6.11714e+06)
          (2048, 1.19287e+07)
          (4096, 1.94714e+07)
          (8192, 2.8824e+07)
          (16384, 3.74739e+07)
          (32768, 4.40523e+07)
          (65536, 4.80378e+07)
          (131072, 4.89662e+07)
          (262144, 5.06668e+07)
          (524288, 5.12808e+07)
          (1048576, 5.10742e+07)
       };\addlegendentry{read p=1}
       \addplot coordinates {
          (27, 195516)
          (54, 391546)
          (108, 793675)
          (216, 1.5675e+06)
          (432, 3.10443e+06)
          (864, 6.10738e+06)
          (1728, 1.13657e+07)
          (3456, 2.08894e+07)
          (6912, 3.45049e+07)
          (13824, 4.98324e+07)
          (27648, 6.89392e+07)
          (55296, 8.14384e+07)
          (110592, 8.89734e+07)
          (221184, 9.39366e+07)
          (442368, 8.32147e+07)
          (884736, 9.42459e+07)
          (1769472, 9.96175e+07)
       };\addlegendentry{read p=2}
       \addplot coordinates {
          (64, 462308)
          (128, 897359)
          (256, 1.72231e+06)
          (512, 3.38106e+06)
          (1024, 6.02249e+06)
          (2048, 1.03369e+07)
          (4096, 1.4669e+07)
          (8192, 1.9756e+07)
          (16384, 2.29686e+07)
          (32768, 2.46963e+07)
          (65536, 2.60965e+07)
          (131072, 2.47092e+07)
          (262144, 2.6139e+07)
          (524288, 2.65425e+07)
          (1048576, 2.60157e+07)
       };\addlegendentry{read p=3}
       \addplot coordinates {
          (125, 896432)
          (250, 1.54205e+06)
          (500, 2.66044e+06)
          (1000, 4.68463e+06)
          (2000, 6.01144e+06)
          (4000, 8.29512e+06)
          (8000, 7.81532e+06)
          (16000, 9.55758e+06)
          (32000, 9.64073e+06)
          (64000, 9.595e+06)
          (128000, 9.72466e+06)
          (256000, 9.14097e+06)
          (512000, 9.31351e+06)
          (1024000, 9.42109e+06)
       };\addlegendentry{read p=4}
       \addplot coordinates {
          (216, 1.56402e+06)
          (432, 3.09239e+06)
          (864, 5.99724e+06)
          (1728, 1.16128e+07)
          (3456, 2.18668e+07)
          (6912, 3.8575e+07)
          (13824, 6.25202e+07)
          (27648, 9.03676e+07)
          (55296, 1.17138e+08)
          (110592, 1.33655e+08)
          (221184, 1.40987e+08)
          (442368, 1.44984e+08)
          (884736, 1.45338e+08)
          (1769472, 1.61305e+08)
       };\addlegendentry{read p=5}
       \addplot coordinates {
          (343, 2.46112e+06)
          (686, 4.24424e+06)
          (1372, 7.57692e+06)
          (2744, 1.34801e+07)
          (5488, 1.79971e+07)
          (10976, 1.76521e+07)
          (21952, 1.918e+07)
          (43904, 2.97641e+07)
          (87808, 2.83226e+07)
          (175616, 3.08303e+07)
          (351232, 3.12624e+07)
          (702464, 3.09888e+07)
          (1404928, 3.04893e+07)
       };\addlegendentry{read p=6}
  \end{axis}
\end{tikzpicture}

\begin{tikzpicture}[scale=0.9]
  \begin{axis}[
    title={Face Write Speed-of-Light Operator},
    xlabel={Number of DoFs},
    ylabel={Throughput [DoF/s]},
    legend pos=outer north east,
    grid=major, xmode=log, ymode=log, cycle list name=color list
  ]
       \addplot coordinates {
          (1, 7313.66)
          (2, 14554.5)
          (4, 29447.6)
          (8, 58731.7)
          (16, 117322)
          (32, 230787)
          (64, 444644)
          (128, 741086)
          (256, 1.42811e+06)
          (512, 2.25159e+06)
          (1024, 3.14562e+06)
          (2048, 4.37145e+06)
          (4096, 5.1339e+06)
          (8192, 5.80592e+06)
          (16384, 6.21136e+06)
          (32768, 6.74645e+06)
          (65536, 7.58119e+06)
          (131072, 1.01412e+07)
          (262144, 1.2185e+07)
          (524288, 1.49274e+07)
          (1048576, 1.8449e+07)
       };\addlegendentry{write p=0}
       \addplot coordinates {
          (8, 58417.7)
          (16, 113532)
          (32, 226266)
          (64, 455937)
          (128, 913482)
          (256, 1.73955e+06)
          (512, 3.05082e+06)
          (1024, 5.40977e+06)
          (2048, 8.26875e+06)
          (4096, 1.15138e+07)
          (8192, 1.3773e+07)
          (16384, 1.63588e+07)
          (32768, 1.87712e+07)
          (65536, 1.93042e+07)
          (131072, 2.14579e+07)
          (262144, 2.24332e+07)
          (524288, 2.54337e+07)
          (1048576, 2.72507e+07)
       };\addlegendentry{write p=1}
       \addplot coordinates {
          (27, 196383)
          (54, 391402)
          (108, 769133)
          (216, 1.51221e+06)
          (432, 2.86662e+06)
          (864, 5.06269e+06)
          (1728, 8.2835e+06)
          (3456, 1.28769e+07)
          (6912, 1.71338e+07)
          (13824, 2.10918e+07)
          (27648, 2.346e+07)
          (55296, 2.60864e+07)
          (110592, 2.80546e+07)
          (221184, 2.73727e+07)
          (442368, 3.01573e+07)
          (884736, 3.45517e+07)
          (1769472, 3.86728e+07)
       };\addlegendentry{write p=2}
       \addplot coordinates {
          (64, 463035)
          (128, 883026)
          (256, 1.70554e+06)
          (512, 3.07025e+06)
          (1024, 4.45969e+06)
          (2048, 9.83123e+06)
          (4096, 1.24971e+07)
          (8192, 1.85656e+07)
          (16384, 8.54979e+06)
          (32768, 1.64378e+07)
          (65536, 2.3198e+07)
          (131072, 2.50098e+07)
          (262144, 2.67591e+07)
          (524288, 2.85035e+07)
          (1048576, 3.25099e+07)
       };\addlegendentry{write p=3}
       \addplot coordinates {
          (125, 902422)
          (250, 1.72466e+06)
          (500, 3.2069e+06)
          (1000, 5.86226e+06)
          (2000, 1.00837e+07)
          (4000, 1.5268e+07)
          (8000, 1.91054e+07)
          (16000, 2.4049e+07)
          (32000, 2.66401e+07)
          (64000, 2.82303e+07)
          (128000, 2.83802e+07)
          (256000, 2.98193e+07)
          (512000, 3.15418e+07)
          (1024000, 3.48534e+07)
       };\addlegendentry{write p=4}
       \addplot coordinates {
          (216, 1.55069e+06)
          (432, 2.7974e+06)
          (864, 4.96545e+06)
          (1728, 9.00162e+06)
          (3456, 1.38419e+07)
          (6912, 1.99056e+07)
          (13824, 2.3377e+07)
          (27648, 1.54922e+07)
          (55296, 2.77887e+07)
          (110592, 2.744e+07)
          (221184, 3.07175e+07)
          (442368, 3.24076e+07)
          (884736, 3.49709e+07)
          (1769472, 4.15057e+07)
       };\addlegendentry{write p=5}
       \addplot coordinates {
          (343, 2.4657e+06)
          (686, 3.60683e+06)
          (1372, 6.94064e+06)
          (2744, 1.18753e+07)
          (5488, 1.69082e+07)
          (10976, 2.36995e+07)
          (21952, 2.3038e+07)
          (43904, 2.95804e+07)
          (87808, 2.7155e+07)
          (175616, 3.12416e+07)
          (351232, 3.17247e+07)
          (702464, 3.56468e+07)
          (1404928, 3.97669e+07)
       };\addlegendentry{write p=6}
  \end{axis}
\end{tikzpicture}

\begin{tikzpicture}[scale=0.9]
  \begin{axis}[
    title={Global Face Speed-of-Light Operator},
    xlabel={Number of DoFs},
    ylabel={Throughput [DoF/s]},
    legend pos=south east,
    grid=major, xmode=log, ymode=log, cycle list name=color list
  ]
       \addplot coordinates {
          (1, 2400.8)
          (2, 4866.1)
          (4, 9816.07)
          (8, 19700.8)
          (16, 38828.4)
          (32, 75192.5)
          (64, 153638)
          (128, 303741)
          (256, 594617)
          (512, 1.10539e+06)
          (1024, 1.911e+06)
          (2048, 2.99481e+06)
          (4096, 4.16901e+06)
          (8192, 5.23198e+06)
          (16384, 6.00933e+06)
          (32768, 6.54046e+06)
          (65536, 6.91541e+06)
          (131072, 6.84255e+06)
          (262144, 1.088e+07)
          (524288, 1.86132e+07)
          (1048576, 2.39973e+07)
       };\addlegendentry{write p=0}
       \addplot coordinates {
          (8, 19312.7)
          (16, 37483.3)
          (32, 78687.2)
          (64, 154874)
          (128, 309447)
          (256, 610852)
          (512, 1.14491e+06)
          (1024, 2.25019e+06)
          (2048, 3.98355e+06)
          (4096, 6.72116e+06)
          (8192, 9.74426e+06)
          (16384, 1.27969e+07)
          (32768, 1.59211e+07)
          (65536, 1.80054e+07)
          (131072, 1.96568e+07)
          (262144, 2.12247e+07)
          (524288, 2.12436e+07)
          (1048576, 2.45598e+07)
       };\addlegendentry{write p=1}
       \addplot coordinates {
          (27, 66144)
          (54, 128961)
          (108, 252119)
          (216, 509827)
          (432, 1.02156e+06)
          (864, 1.9626e+06)
          (1728, 3.65445e+06)
          (3456, 6.47018e+06)
          (6912, 1.02767e+07)
          (13824, 1.4443e+07)
          (27648, 1.84326e+07)
          (55296, 2.18749e+07)
          (110592, 2.44607e+07)
          (221184, 1.94813e+07)
          (442368, 2.77496e+07)
          (884736, 2.83617e+07)
          (1769472, 2.96131e+07)
       };\addlegendentry{write p=2}
       \addplot coordinates {
          (64, 155130)
          (128, 314866)
          (256, 607668)
          (512, 1.14743e+06)
          (1024, 2.14947e+06)
          (2048, 4.04449e+06)
          (4096, 6.70476e+06)
          (8192, 1.00496e+07)
          (16384, 1.3059e+07)
          (32768, 1.49395e+07)
          (65536, 1.61576e+07)
          (131072, 1.61162e+07)
          (262144, 1.55296e+07)
          (524288, 1.73969e+07)
          (1048576, 1.71781e+07)
       };\addlegendentry{write p=3}
       \addplot coordinates {
          (125, 302084)
          (250, 610974)
          (500, 460714)
          (1000, 2.16694e+06)
          (2000, 4.24956e+06)
          (4000, 2.95641e+06)
          (8000, 7.77138e+06)
          (16000, 1.75989e+07)
          (32000, 2.20032e+07)
          (64000, 2.46805e+07)
          (128000, 2.53999e+07)
          (256000, 2.64124e+07)
          (512000, 2.62914e+07)
          (1024000, 2.9718e+07)
       };\addlegendentry{write p=4}
       \addplot coordinates {
          (216, 525657)
          (432, 1.06157e+06)
          (864, 1.96158e+06)
          (1728, 3.55885e+06)
          (3456, 6.67487e+06)
          (6912, 9.85648e+06)
          (13824, 1.66945e+07)
          (27648, 2.20163e+07)
          (55296, 2.06298e+07)
          (110592, 2.8003e+07)
          (221184, 2.96569e+07)
          (442368, 3.06718e+07)
          (884736, 3.20625e+07)
          (1769472, 3.39866e+07)
       };\addlegendentry{write p=5}
       \addplot coordinates {
          (343, 837495)
          (686, 1.68394e+06)
          (1372, 2.85065e+06)
          (2744, 4.99597e+06)
          (5488, 9.11715e+06)
          (10976, 1.39656e+07)
          (21952, 1.93031e+07)
          (43904, 2.39072e+07)
          (87808, 1.89332e+07)
          (175616, 2.74126e+07)
          (351232, 2.77931e+07)
          (702464, 2.95262e+07)
          (1404928, 3.1001e+07)
       };\addlegendentry{write p=6}
  \end{axis}
\end{tikzpicture}
