
3d mesh advection operator. 
Orders: 0-6
Quad pts: order + 2

 \begin{tikzpicture}[scale=0.9]
    \begin{axis}[
       title={3D Advection Operator Application Performance},
       xlabel={Number of dofs},
       ylabel={Throughput [DoF/s]},
       legend pos=outer north east,
       grid=major,
       xmode = log,
       ymode = log,
       cycle list name=color list,
       ]
       \addplot
       coordinates {
          (1, 5336.77)
          (2, 2510.47)
          (4, 21149.6)
          (8, 44139.7)
          (16, 84884.1)
          (32, 172702)
          (64, 72651.3)
          (128, 471182)
          (256, 720376)
          (512, 1.17423e+06)
          (1024, 1.47429e+06)
          (2048, 1.6834e+06)
          (4096, 1.83855e+06)
          (8192, 3.03262e+06)
          (16384, 4.17438e+06)
          (32768, 4.23441e+06)
          (65536, 4.18181e+06)
          (131072, 4.25835e+06)
          (262144, 4.23061e+06)
          (524288, 4.2567e+06)
          (1048576, 4.26667e+06)
       };
       \addlegendentry{p=0, q=2}
       \addplot
       coordinates {
          (8, 57743.9)
          (16, 110249)
          (32, 207315)
          (64, 397589)
          (128, 692934)
          (256, 1.16131e+06)
          (512, 1.63799e+06)
          (1024, 1.76176e+06)
          (2048, 2.30767e+06)
          (4096, 2.02381e+06)
          (8192, 2.60936e+06)
          (16384, 2.60376e+06)
          (32768, 2.61101e+06)
          (65536, 2.5825e+06)
          (131072, 2.59468e+06)
          (262144, 2.57858e+06)
          (524288, 2.58767e+06)
          (1048576, 2.5672e+06)
       };
       \addlegendentry{p=1, q=3}
       \addplot
       coordinates {
          (27, 193415)
          (54, 317176)
          (108, 610440)
          (216, 1.09522e+06)
          (432, 1.66108e+06)
          (864, 2.46149e+06)
          (1728, 2.90304e+06)
          (3456, 3.26295e+06)
          (6912, 3.36265e+06)
          (13824, 3.21614e+06)
          (27648, 3.43202e+06)
          (55296, 3.51036e+06)
          (110592, 3.27697e+06)
          (221184, 3.45102e+06)
          (442368, 3.4544e+06)
          (884736, 3.4266e+06)
          (1769472, 3.42559e+06)
       };
       \addlegendentry{p=2, q=4}
       \addplot
       coordinates {
          (64, 465562)
          (128, 566158)
          (256, 1.03089e+06)
          (512, 1.96157e+06)
          (1024, 2.43045e+06)
          (2048, 3.43819e+06)
          (4096, 3.82014e+06)
          (8192, 4.02559e+06)
          (16384, 4.08749e+06)
          (32768, 4.13668e+06)
          (65536, 3.98094e+06)
          (131072, 4.11414e+06)
          (262144, 4.09418e+06)
          (524288, 4.11514e+06)
          (1048576, 4.08987e+06)
       };
       \addlegendentry{p=3, q=5}
       \addplot
       coordinates {
          (125, 804058)
          (250, 793111)
          (500, 1.24265e+06)
          (1000, 2.15025e+06)
          (2000, 2.51664e+06)
          (4000, 3.0418e+06)
          (8000, 3.0334e+06)
          (16000, 3.16413e+06)
          (32000, 3.10566e+06)
          (64000, 3.06515e+06)
          (128000, 3.09414e+06)
          (256000, 3.0425e+06)
          (512000, 3.02659e+06)
          (1024000, 3.01796e+06)
       };
       \addlegendentry{p=4, q=6}
       \addplot
       coordinates {
          (216, 1.4073e+06)
          (432, 1.13927e+06)
          (864, 1.80202e+06)
          (1728, 3.17759e+06)
          (3456, 3.49409e+06)
          (6912, 4.19553e+06)
          (13824, 4.2168e+06)
          (27648, 4.29861e+06)
          (55296, 4.11479e+06)
          (110592, 4.18744e+06)
          (221184, 4.16391e+06)
          (442368, 4.15826e+06)
          (884736, 4.1399e+06)
          (1769472, 4.12899e+06)
       };
       \addlegendentry{p=5, q=7}
       \addplot
       coordinates {
          (343, 2.20153e+06)
          (686, 1.95057e+06)
          (1372, 2.73694e+06)
          (2744, 4.65698e+06)
          (5488, 5.31465e+06)
          (10976, 5.81316e+06)
          (21952, 5.79964e+06)
          (43904, 6.05218e+06)
          (87808, 5.7055e+06)
          (175616, 5.7388e+06)
          (351232, 5.74411e+06)
          (702464, 5.61584e+06)
          (1404928, 5.56689e+06)
       };
       \addlegendentry{p=6, q=8}
    \end{axis}
 \end{tikzpicture}
