
4d mesh advection operator. 
Orders: 0-6
Quad pts: order + 1

 \begin{tikzpicture}[scale=0.9]
    \begin{axis}[
       title={4D Advection Operator Application Performance},
       xlabel={Number of dofs},
       ylabel={Throughput [DoF/s]},
       legend pos=outer north east,
       grid=major,
       xmode = log,
       ymode = log,
       cycle list name=color list,
       ]
       \addplot
       coordinates {
          (1, 4604.45)
          (2, 2931.44)
          (4, 21500.4)
          (8, 39752)
          (16, 90254.9)
          (32, 176096)
          (64, 72047.9)
          (128, 336156)
          (256, 903419)
          (512, 1.32656e+06)
          (1024, 1.71643e+06)
          (2048, 2.09281e+06)
          (4096, 2.44455e+06)
          (8192, 2.59232e+06)
          (16384, 3.03693e+06)
          (32768, 4.74596e+06)
          (65536, 6.38313e+06)
          (131072, 6.57748e+06)
          (262144, 6.21586e+06)
          (524288, 6.17681e+06)
          (1048576, 6.09318e+06)
       };
       \addlegendentry{p=0, q=1}
       \addplot
       coordinates {
          (16, 116643)
          (32, 215453)
          (64, 405621)
          (128, 790619)
          (256, 1.29011e+06)
          (512, 2.03287e+06)
          (1024, 2.6601e+06)
          (2048, 3.05256e+06)
          (4096, 3.17182e+06)
          (8192, 3.3285e+06)
          (16384, 3.3179e+06)
          (32768, 3.26643e+06)
          (65536, 2.83215e+06)
          (131072, 3.22303e+06)
          (262144, 3.14991e+06)
          (524288, 3.11855e+06)
          (1048576, 3.08258e+06)
       };
       \addlegendentry{p=1, q=2}
       \addplot
       coordinates {
          (81, 582168)
          (162, 330967)
          (324, 1.37035e+06)
          (648, 2.3451e+06)
          (1296, 2.84872e+06)
          (2592, 2.01265e+06)
          (5184, 3.24977e+06)
          (10368, 3.20268e+06)
          (20736, 3.02838e+06)
          (41472, 3.38083e+06)
          (82944, 3.29333e+06)
          (165888, 3.16904e+06)
          (331776, 3.14359e+06)
          (663552, 3.1341e+06)
          (1327104, 3.07324e+06)
       };
       \addlegendentry{p=2, q=3}
       \addplot
       coordinates {
          (256, 1.69831e+06)
          (512, 1.30211e+06)
          (1024, 2.154e+06)
          (2048, 3.75056e+06)
          (4096, 3.93406e+06)
          (8192, 4.66012e+06)
          (16384, 4.55459e+06)
          (32768, 4.21659e+06)
          (65536, 4.25137e+06)
          (131072, 4.26898e+06)
          (262144, 4.12518e+06)
          (524288, 4.05075e+06)
          (1048576, 4.01357e+06)
       };
       \addlegendentry{p=3, q=4}
       \addplot
       coordinates {
          (625, 3.71013e+06)
          (1250, 2.04719e+06)
          (2500, 2.58097e+06)
          (5000, 3.69385e+06)
          (10000, 3.60505e+06)
          (20000, 4.99452e+06)
          (40000, 5.02612e+06)
          (80000, 4.75639e+06)
          (160000, 4.45154e+06)
          (320000, 4.34825e+06)
          (640000, 4.25552e+06)
          (1280000, 4.17606e+06)
       };
       \addlegendentry{p=4, q=5}
       \addplot
       coordinates {
          (1296, 5.4463e+06)
          (2592, 2.09871e+06)
          (5184, 2.59798e+06)
          (10368, 5.10739e+06)
          (20736, 4.40515e+06)
          (41472, 5.12103e+06)
          (82944, 4.86944e+06)
          (165888, 4.53298e+06)
          (331776, 4.29401e+06)
          (663552, 4.16441e+06)
          (1327104, 4.08903e+06)
       };
       \addlegendentry{p=5, q=6}
       \addplot
       coordinates {
          (2401, 5.6707e+06)
          (4802, 1.79909e+06)
          (9604, 2.80527e+06)
          (19208, 4.61399e+06)
          (38416, 4.08482e+06)
          (76832, 4.63714e+06)
          (153664, 4.14827e+06)
          (307328, 3.91796e+06)
          (614656, 3.87215e+06)
          (1229312, 3.88828e+06)
       };
       \addlegendentry{p=6, q=7}
    \end{axis}
 \end{tikzpicture}
