
4d mesh mass operator. 
Orders: 0-6
Quad pts: order + 2

 \begin{tikzpicture}[scale=0.9]
    \begin{axis}[
       title={4D Mass Operator Application Performance},
       xlabel={Number of dofs},
       ylabel={Throughput [DoF/s]},
       legend pos=outer north east,
       grid=major,
       xmode = log,
       ymode = log,
       cycle list name=color list,
       ]
       \addplot
       coordinates {
          (1, 906.539)
          (2, 10777.6)
          (4, 24726.8)
          (8, 51354.5)
          (16, 98362.6)
          (32, 197920)
          (64, 81706.4)
          (128, 304522)
          (256, 1.55438e+06)
          (512, 1.18119e+06)
          (1024, 2.33155e+06)
          (2048, 8.81609e+06)
          (4096, 1.55153e+07)
          (8192, 1.13797e+07)
          (16384, 1.928e+07)
          (32768, 2.7413e+07)
          (65536, 2.8324e+07)
          (131072, 3.5586e+07)
          (262144, 4.21151e+07)
          (524288, 7.24782e+07)
          (1048576, 6.81895e+07)
       };
       \addlegendentry{p=0, q=2}
       \addplot
       coordinates {
          (16, 116232)
          (32, 211349)
          (64, 418585)
          (128, 790545)
          (256, 1.51935e+06)
          (512, 2.66108e+06)
          (1024, 4.2938e+06)
          (2048, 6.03385e+06)
          (4096, 6.08526e+06)
          (8192, 8.60265e+06)
          (16384, 6.70591e+06)
          (32768, 5.01674e+06)
          (65536, 9.60743e+06)
          (131072, 9.78599e+06)
          (262144, 9.69846e+06)
          (524288, 9.86604e+06)
          (1048576, 9.87716e+06)
       };
       \addlegendentry{p=1, q=3}
       \addplot
       coordinates {
          (81, 541115)
          (162, 728628)
          (324, 1.43702e+06)
          (648, 2.74426e+06)
          (1296, 4.19716e+06)
          (2592, 6.42894e+06)
          (5184, 7.74194e+06)
          (10368, 8.61695e+06)
          (20736, 9.1517e+06)
          (41472, 9.44215e+06)
          (82944, 9.58032e+06)
          (165888, 9.6659e+06)
          (331776, 9.63755e+06)
          (663552, 9.66937e+06)
          (1327104, 9.72927e+06)
       };
       \addlegendentry{p=2, q=4}
       \addplot
       coordinates {
          (256, 1.97913e+06)
          (512, 2.34035e+06)
          (1024, 4.6526e+06)
          (2048, 9.17323e+06)
          (4096, 1.38981e+07)
          (8192, 2.14604e+07)
          (16384, 2.6351e+07)
          (32768, 2.88749e+07)
          (65536, 3.20596e+07)
          (131072, 3.30919e+07)
          (262144, 3.3652e+07)
          (524288, 3.38915e+07)
          (1048576, 3.4039e+07)
       };
       \addlegendentry{p=3, q=5}
       \addplot
       coordinates {
          (625, 3.92692e+06)
          (1250, 3.89621e+06)
          (2500, 7.39023e+06)
          (5000, 1.46378e+07)
          (10000, 1.87575e+07)
          (20000, 2.3154e+07)
          (40000, 2.63046e+07)
          (80000, 3.00187e+07)
          (160000, 3.28351e+07)
          (320000, 3.31867e+07)
          (640000, 3.22583e+07)
          (1280000, 3.33719e+07)
       };
       \addlegendentry{p=4, q=6}
       \addplot
       coordinates {
          (1296, 6.42311e+06)
          (2592, 4.269e+06)
          (5184, 8.33527e+06)
          (10368, 1.68734e+07)
          (20736, 1.90373e+07)
          (41472, 2.63465e+07)
          (82944, 2.77302e+07)
          (165888, 2.83887e+07)
          (331776, 2.86323e+07)
          (663552, 2.88869e+07)
          (1327104, 2.88444e+07)
       };
       \addlegendentry{p=5, q=7}
       \addplot
       coordinates {
          (2401, 7.90443e+06)
          (4802, 3.47159e+06)
          (9604, 6.81999e+06)
          (19208, 1.35219e+07)
          (38416, 1.43593e+07)
          (76832, 1.93716e+07)
          (153664, 1.97611e+07)
          (307328, 1.99161e+07)
          (614656, 1.95899e+07)
          (1229312, 1.99592e+07)
       };
       \addlegendentry{p=6, q=8}
    \end{axis}
 \end{tikzpicture}
