
3D Speed-of-Light operator benchmarks

\begin{tikzpicture}[scale=0.9]
  \begin{axis}[
    title={Volume Speed-of-Light Operator},
    xlabel={Number of DoFs},
    ylabel={Throughput [DoF/s]},
    legend pos=outer north east,
    grid=major, xmode=log, ymode=log, cycle list name=color list
  ]
       \addplot coordinates {
          (1, 27837.8)
          (2, 56508.8)
          (4, 113986)
          (8, 225448)
          (16, 10655.8)
          (32, 905969)
          (64, 1.80752e+06)
          (128, 2.75305e+06)
          (256, 7.08594e+06)
          (512, 1.38882e+07)
          (1024, 2.63894e+07)
          (2048, 4.77372e+07)
          (4096, 5.85942e+07)
          (8192, 1.22383e+08)
          (16384, 1.95117e+08)
          (32768, 2.69288e+08)
          (65536, 3.50986e+08)
          (131072, 3.31427e+08)
          (262144, 3.24657e+08)
          (524288, 3.12325e+08)
          (1048576, 2.93443e+08)
       };\addlegendentry{vol p=0}
       \addplot coordinates {
          (8, 386541)
          (16, 439145)
          (32, 1.50757e+06)
          (64, 3.03601e+06)
          (128, 5.93625e+06)
          (256, 1.16474e+07)
          (512, 2.34376e+07)
          (1024, 4.67734e+07)
          (2048, 8.93328e+07)
          (4096, 1.65138e+08)
          (8192, 3.04853e+08)
          (16384, 4.84856e+08)
          (32768, 8.91e+08)
          (65536, 1.2827e+09)
          (131072, 1.38566e+09)
          (262144, 1.01057e+09)
          (524288, 9.74139e+08)
          (1048576, 9.05486e+08)
       };\addlegendentry{vol p=1}
       \addplot coordinates {
          (27, 2.42373e+06)
          (54, 4.76599e+06)
          (108, 9.54202e+06)
          (216, 1.95413e+07)
          (432, 3.85122e+07)
          (864, 7.66788e+07)
          (1728, 1.4918e+08)
          (3456, 2.70051e+08)
          (6912, 4.70033e+08)
          (13824, 7.62205e+08)
          (27648, 1.11535e+09)
          (55296, 1.00981e+07)
          (110592, 1.20529e+09)
          (221184, 1.4017e+09)
          (442368, 9.87203e+08)
          (884736, 8.4375e+08)
          (1769472, 7.88044e+08)
       };\addlegendentry{vol p=2}
       \addplot coordinates {
          (64, 5.12369e+06)
          (128, 1.12823e+07)
          (256, 2.23013e+07)
          (512, 4.44298e+07)
          (1024, 8.9044e+07)
          (2048, 1.65775e+08)
          (4096, 2.92077e+08)
          (8192, 4.43812e+08)
          (16384, 6.18128e+08)
          (32768, 7.98874e+08)
          (65536, 8.94511e+08)
          (131072, 9.33217e+08)
          (262144, 5.6853e+08)
          (524288, 8.79607e+08)
          (1048576, 6.2984e+08)
       };\addlegendentry{vol p=3}
       \addplot coordinates {
          (125, 1.09948e+07)
          (250, 2.19151e+07)
          (500, 4.20633e+07)
          (1000, 8.22325e+07)
          (2000, 1.65558e+08)
          (4000, 3.0657e+08)
          (8000, 5.05076e+08)
          (16000, 7.53683e+08)
          (32000, 9.91886e+08)
          (64000, 1.15719e+09)
          (128000, 1.36218e+09)
          (256000, 1.39368e+09)
          (512000, 1.25334e+09)
          (1024000, 1.24413e+09)
       };\addlegendentry{vol p=4}
       \addplot coordinates {
          (216, 1.91343e+07)
          (432, 3.88734e+07)
          (864, 7.01388e+07)
          (1728, 1.36294e+08)
          (3456, 2.8736e+08)
          (6912, 5.06199e+08)
          (13824, 8.2811e+08)
          (27648, 9.92391e+08)
          (55296, 1.29655e+09)
          (110592, 1.55205e+09)
          (221184, 1.65464e+09)
          (442368, 1.33094e+09)
          (884736, 1.24279e+09)
          (1769472, 1.16621e+09)
       };\addlegendentry{vol p=5}
       \addplot coordinates {
          (343, 3.03686e+07)
          (686, 5.66053e+07)
          (1372, 1.00435e+08)
          (2744, 2.00258e+08)
          (5488, 3.96894e+08)
          (10976, 6.3454e+08)
          (21952, 8.82075e+08)
          (43904, 1.14863e+09)
          (87808, 1.45288e+09)
          (175616, 1.24425e+09)
          (351232, 1.42581e+09)
          (702464, 1.31801e+09)
          (1404928, 1.20658e+09)
       };\addlegendentry{vol p=6}
  \end{axis}
\end{tikzpicture}

\begin{tikzpicture}[scale=0.9]
  \begin{axis}[
    title={Face Read Speed-of-Light Operator},
    xlabel={Number of DoFs},
    ylabel={Throughput [DoF/s]},
    legend pos=outer north east,
    grid=major, xmode=log, ymode=log, cycle list name=color list
  ]
       \addplot coordinates {
          (1, 92715.8)
          (2, 176983)
          (4, 355933)
          (8, 720262)
          (16, 1.4196e+06)
          (32, 2.668e+06)
          (64, 5.42209e+06)
          (128, 1.03087e+07)
          (256, 1.90175e+07)
          (512, 3.19347e+07)
          (1024, 5.01773e+07)
          (2048, 6.69583e+07)
          (4096, 8.30625e+07)
          (8192, 9.44456e+07)
          (16384, 9.16133e+07)
          (32768, 9.11394e+07)
          (65536, 1.11799e+08)
          (131072, 1.10938e+08)
          (262144, 1.09465e+08)
          (524288, 1.04245e+08)
          (1048576, 1.01266e+08)
       };\addlegendentry{read p=0}
       \addplot coordinates {
          (8, 756333)
          (16, 1.49917e+06)
          (32, 2.92571e+06)
          (64, 5.80097e+06)
          (128, 1.13179e+07)
          (256, 2.18705e+07)
          (512, 3.2681e+07)
          (1024, 6.92146e+07)
          (2048, 1.12293e+08)
          (4096, 1.59641e+08)
          (8192, 1.95672e+08)
          (16384, 2.53958e+08)
          (32768, 2.1476e+08)
          (65536, 2.94943e+08)
          (131072, 2.99405e+08)
          (262144, 2.98035e+08)
          (524288, 2.72225e+08)
          (1048576, 2.60283e+08)
       };\addlegendentry{read p=1}
       \addplot coordinates {
          (27, 2.51862e+06)
          (54, 5.2153e+06)
          (108, 9.1521e+06)
          (216, 1.78058e+07)
          (432, 3.4985e+07)
          (864, 6.26197e+07)
          (1728, 1.01134e+08)
          (3456, 1.38273e+08)
          (6912, 1.96218e+08)
          (13824, 2.33752e+08)
          (27648, 2.48929e+08)
          (55296, 2.5154e+08)
          (110592, 2.52109e+08)
          (221184, 2.35404e+08)
          (442368, 2.32429e+08)
          (884736, 2.4064e+08)
          (1769472, 2.47594e+08)
       };\addlegendentry{read p=2}
       \addplot coordinates {
          (64, 5.56235e+06)
          (128, 1.12823e+07)
          (256, 1.92905e+07)
          (512, 3.55073e+07)
          (1024, 6.39289e+07)
          (2048, 9.88553e+07)
          (4096, 6.09748e+07)
          (8192, 1.73606e+08)
          (16384, 1.79032e+08)
          (32768, 1.89983e+08)
          (65536, 1.786e+08)
          (131072, 1.78245e+08)
          (262144, 1.71469e+08)
          (524288, 8.29983e+07)
          (1048576, 1.6771e+08)
       };\addlegendentry{read p=3}
       \addplot coordinates {
          (125, 1.12571e+07)
          (250, 2.07511e+07)
          (500, 3.69883e+07)
          (1000, 6.23611e+07)
          (2000, 1.05446e+08)
          (4000, 1.64828e+08)
          (8000, 2.12726e+08)
          (16000, 2.54402e+08)
          (32000, 2.82235e+08)
          (64000, 2.94742e+08)
          (128000, 2.82677e+08)
          (256000, 2.66427e+08)
          (512000, 2.69941e+08)
          (1024000, 2.68177e+08)
       };\addlegendentry{read p=4}
       \addplot coordinates {
          (216, 2.01937e+07)
          (432, 3.26626e+07)
          (864, 4.98633e+07)
          (1728, 8.36978e+07)
          (3456, 1.52271e+08)
          (6912, 1.89139e+08)
          (13824, 2.16817e+08)
          (27648, 2.45891e+08)
          (55296, 2.55994e+08)
          (110592, 2.56882e+08)
          (221184, 2.46226e+08)
          (442368, 2.36807e+08)
          (884736, 2.31359e+08)
          (1769472, 2.28653e+08)
       };\addlegendentry{read p=5}
       \addplot coordinates {
          (343, 3.13602e+07)
          (686, 4.31967e+07)
          (1372, 6.74166e+07)
          (2744, 1.05034e+08)
          (5488, 1.8144e+08)
          (10976, 2.23472e+08)
          (21952, 2.40062e+08)
          (43904, 2.48405e+08)
          (87808, 2.65165e+08)
          (175616, 2.61148e+08)
          (351232, 2.44609e+08)
          (702464, 2.37834e+08)
          (1404928, 2.32525e+08)
       };\addlegendentry{read p=6}
  \end{axis}
\end{tikzpicture}

\begin{tikzpicture}[scale=0.9]
  \begin{axis}[
    title={Face Write Speed-of-Light Operator},
    xlabel={Number of DoFs},
    ylabel={Throughput [DoF/s]},
    legend pos=outer north east,
    grid=major, xmode=log, ymode=log, cycle list name=color list
  ]
       \addplot coordinates {
          (1, 89888.2)
          (2, 184565)
          (4, 339223)
          (8, 661907)
          (16, 922604)
          (32, 528564)
          (64, 1.75888e+06)
          (128, 2.9091e+06)
          (256, 3.71272e+06)
          (512, 4.41415e+06)
          (1024, 5.01261e+06)
          (2048, 5.60349e+06)
          (4096, 6.28674e+06)
          (8192, 6.86054e+06)
          (16384, 7.23428e+06)
          (32768, 7.38976e+06)
          (65536, 8.08605e+06)
          (131072, 1.00614e+07)
          (262144, 1.21981e+07)
          (524288, 1.99849e+07)
          (1048576, 2.74644e+07)
       };\addlegendentry{write p=0}
       \addplot coordinates {
          (8, 742548)
          (16, 1.50759e+06)
          (32, 2.6167e+06)
          (64, 4.06351e+06)
          (128, 6.12041e+06)
          (256, 8.71318e+06)
          (512, 1.02878e+07)
          (1024, 1.4833e+07)
          (2048, 1.8134e+07)
          (4096, 2.07885e+07)
          (8192, 1.93401e+07)
          (16384, 2.46775e+07)
          (32768, 2.77256e+07)
          (65536, 2.92288e+07)
          (131072, 3.4526e+07)
          (262144, 3.91253e+07)
          (524288, 4.06904e+07)
          (1048576, 4.66813e+07)
       };\addlegendentry{write p=1}
       \addplot coordinates {
          (27, 2.44003e+06)
          (54, 4.49778e+06)
          (108, 7.06819e+06)
          (216, 9.94606e+06)
          (432, 1.50698e+07)
          (864, 1.84169e+07)
          (1728, 2.0856e+07)
          (3456, 2.43831e+07)
          (6912, 2.70337e+07)
          (13824, 2.90509e+07)
          (27648, 2.03162e+07)
          (55296, 9.15092e+06)
          (110592, 3.54464e+07)
          (221184, 3.7978e+07)
          (442368, 4.11331e+07)
          (884736, 4.61088e+07)
          (1769472, 4.93649e+07)
       };\addlegendentry{write p=2}
       \addplot coordinates {
          (64, 5.61903e+06)
          (128, 8.22494e+06)
          (256, 1.28268e+07)
          (512, 1.66472e+07)
          (1024, 2.47815e+07)
          (2048, 2.71817e+07)
          (4096, 2.76914e+07)
          (8192, 2.77251e+07)
          (16384, 3.32408e+07)
          (32768, 3.41377e+07)
          (65536, 3.26162e+07)
          (131072, 3.60624e+07)
          (262144, 3.78296e+07)
          (524288, 4.01933e+07)
          (1048576, 4.78243e+07)
       };\addlegendentry{write p=3}
       \addplot coordinates {
          (125, 1.133e+07)
          (250, 1.222e+07)
          (500, 1.70024e+07)
          (1000, 2.02924e+07)
          (2000, 3.1582e+07)
          (4000, 3.25875e+07)
          (8000, 2.89828e+07)
          (16000, 3.57387e+07)
          (32000, 3.57013e+07)
          (64000, 3.72736e+07)
          (128000, 3.65348e+07)
          (256000, 2.67887e+07)
          (512000, 4.1871e+07)
          (1024000, 4.769e+07)
       };\addlegendentry{write p=4}
       \addplot coordinates {
          (216, 1.81941e+07)
          (432, 1.47558e+07)
          (864, 2.1032e+07)
          (1728, 1.55078e+07)
          (3456, 3.79162e+07)
          (6912, 3.73185e+07)
          (13824, 2.71329e+07)
          (27648, 4.0569e+07)
          (55296, 4.03236e+07)
          (110592, 4.21347e+07)
          (221184, 4.33628e+07)
          (442368, 4.68949e+07)
          (884736, 4.80197e+07)
          (1769472, 6.07405e+07)
       };\addlegendentry{write p=5}
       \addplot coordinates {
          (343, 2.18688e+07)
          (686, 1.69695e+07)
          (1372, 2.38006e+07)
          (2744, 2.66324e+07)
          (5488, 3.23766e+07)
          (10976, 3.96844e+07)
          (21952, 3.97672e+07)
          (43904, 4.35948e+07)
          (87808, 4.36882e+07)
          (175616, 4.65998e+07)
          (351232, 4.70156e+07)
          (702464, 5.19325e+07)
          (1404928, 6.08311e+07)
       };\addlegendentry{write p=6}
  \end{axis}
\end{tikzpicture}

\begin{tikzpicture}[scale=0.9]
  \begin{axis}[
    title={Global Face Speed-of-Light Operator},
    xlabel={Number of DoFs},
    ylabel={Throughput [DoF/s]},
    legend pos=south east,
    grid=major, xmode=log, ymode=log, cycle list name=color list
  ]
       \addplot coordinates {
          (1, 30159)
          (2, 62107.5)
          (4, 112923)
          (8, 241902)
          (16, 459686)
          (32, 841319)
          (64, 1.49948e+06)
          (128, 2.36049e+06)
          (256, 3.34083e+06)
          (512, 4.39914e+06)
          (1024, 5.31868e+06)
          (2048, 6.24053e+06)
          (4096, 6.89973e+06)
          (8192, 4.71766e+06)
          (16384, 7.69726e+06)
          (32768, 7.71182e+06)
          (65536, 8.21254e+06)
          (131072, 8.80145e+06)
          (262144, 8.7162e+06)
          (524288, 1.56215e+07)
          (1048576, 2.05521e+07)
       };\addlegendentry{write p=0}
       \addplot coordinates {
          (8, 252491)
          (16, 505931)
          (32, 1.01101e+06)
          (64, 1.90521e+06)
          (128, 3.44645e+06)
          (256, 5.66941e+06)
          (512, 8.71936e+06)
          (1024, 1.25088e+07)
          (2048, 1.60001e+07)
          (4096, 1.93671e+07)
          (8192, 2.18122e+07)
          (16384, 2.46654e+07)
          (32768, 2.65056e+07)
          (65536, 2.86975e+07)
          (131072, 3.04762e+07)
          (262144, 3.44066e+07)
          (524288, 3.42709e+07)
          (1048576, 4.59239e+07)
       };\addlegendentry{write p=1}
       \addplot coordinates {
          (27, 8120.53)
          (54, 1.71559e+06)
          (108, 3.12291e+06)
          (216, 5.124e+06)
          (432, 9.85623e+06)
          (864, 1.49619e+07)
          (1728, 2.03409e+07)
          (3456, 2.57055e+07)
          (6912, 2.9665e+07)
          (13824, 3.30616e+07)
          (27648, 3.58355e+07)
          (55296, 3.63603e+07)
          (110592, 4.4647e+07)
          (221184, 4.67922e+07)
          (442368, 4.71157e+07)
          (884736, 5.16936e+07)
          (1769472, 5.72636e+07)
       };\addlegendentry{write p=2}
       \addplot coordinates {
          (64, 86976.3)
          (128, 4.0266e+06)
          (256, 6.09829e+06)
          (512, 9.70511e+06)
          (1024, 1.76128e+07)
          (2048, 2.46952e+07)
          (4096, 2.9723e+07)
          (8192, 3.23994e+07)
          (16384, 3.1609e+07)
          (32768, 3.4973e+07)
          (65536, 3.50916e+07)
          (131072, 3.62804e+07)
          (262144, 3.77366e+07)
          (524288, 3.8677e+07)
          (1048576, 4.14296e+07)
       };\addlegendentry{write p=3}
       \addplot coordinates {
          (125, 3.1949e+06)
          (250, 6.08654e+06)
          (500, 7.4294e+06)
          (1000, 1.43523e+07)
          (2000, 2.48219e+07)
          (4000, 3.2597e+07)
          (8000, 3.60831e+07)
          (16000, 3.10536e+07)
          (32000, 3.86662e+07)
          (64000, 3.85519e+07)
          (128000, 3.66793e+07)
          (256000, 2.35229e+07)
          (512000, 4.00337e+07)
          (1024000, 4.07082e+07)
       };\addlegendentry{write p=4}
       \addplot coordinates {
          (216, 6.68475e+06)
          (432, 1.17466e+07)
          (864, 1.26705e+07)
          (1728, 1.94901e+07)
          (3456, 3.00866e+07)
          (6912, 3.80136e+07)
          (13824, 4.25204e+07)
          (27648, 4.36228e+07)
          (55296, 4.38633e+07)
          (110592, 4.55402e+07)
          (221184, 4.56144e+07)
          (442368, 4.74661e+07)
          (884736, 4.35369e+07)
          (1769472, 5.84391e+07)
       };\addlegendentry{write p=5}
       \addplot coordinates {
          (343, 1.03968e+07)
          (686, 8.43077e+06)
          (1372, 1.59979e+07)
          (2744, 2.31824e+07)
          (5488, 3.52685e+07)
          (10976, 4.27371e+07)
          (21952, 4.7207e+07)
          (43904, 4.91901e+07)
          (87808, 4.69374e+07)
          (175616, 4.48827e+07)
          (351232, 5.0775e+07)
          (702464, 4.79864e+07)
          (1404928, 6.73808e+07)
       };\addlegendentry{write p=6}
  \end{axis}
\end{tikzpicture}
