
4d mesh advection operator. 
Orders: 0-6
Quad pts: order + 1

 \begin{tikzpicture}[scale=0.9]
    \begin{axis}[
       title={4D Advection Operator Application Performance},
       xlabel={Number of dofs},
       ylabel={Throughput [DoF/s]},
       legend pos=outer north east,
       grid=major,
       xmode = log,
       ymode = log,
       cycle list name=color list,
       ]
       \addplot
       coordinates {
          (1, 12183.4)
          (2, 23913.4)
          (4, 2045.64)
          (8, 182873)
          (16, 329317)
          (32, 598209)
          (64, 1.02956e+06)
          (128, 1.88959e+06)
          (256, 2.86039e+06)
          (512, 3.74039e+06)
          (1024, 4.66543e+06)
          (2048, 5.09297e+06)
          (4096, 5.27425e+06)
          (8192, 5.87638e+06)
          (16384, 6.90393e+06)
          (32768, 1.37049e+07)
          (65536, 1.59125e+07)
          (131072, 1.35269e+07)
          (262144, 1.55595e+07)
          (524288, 1.57125e+07)
          (1048576, 1.55574e+07)
       };
       \addlegendentry{p=0, q=1}
       \addplot
       coordinates {
          (16, 1.43248e+06)
          (32, 1.68662e+06)
          (64, 2.95919e+06)
          (128, 5.20499e+06)
          (256, 9.76697e+06)
          (512, 1.22944e+07)
          (1024, 1.37612e+07)
          (2048, 1.48089e+07)
          (4096, 1.05306e+07)
          (8192, 1.51898e+07)
          (16384, 1.49058e+07)
          (32768, 1.46445e+07)
          (65536, 1.36037e+07)
          (131072, 1.43324e+07)
          (262144, 1.36844e+07)
          (524288, 1.36548e+07)
          (1048576, 1.36609e+07)
       };
       \addlegendentry{p=1, q=2}
       \addplot
       coordinates {
          (81, 5.43786e+06)
          (162, 3.42713e+06)
          (324, 5.51668e+06)
          (648, 8.9023e+06)
          (1296, 1.53598e+07)
          (2592, 1.46868e+07)
          (5184, 1.43318e+07)
          (10368, 1.37973e+07)
          (20736, 1.32302e+07)
          (41472, 1.11748e+07)
          (82944, 1.10817e+07)
          (165888, 1.22114e+07)
          (331776, 1.21764e+07)
          (663552, 1.20237e+07)
          (1327104, 1.19961e+07)
       };
       \addlegendentry{p=2, q=3}
       \addplot
       coordinates {
          (256, 6.40013e+06)
          (512, 3.65512e+06)
          (1024, 5.0724e+06)
          (2048, 9.01831e+06)
          (4096, 1.56983e+07)
          (8192, 1.39315e+07)
          (16384, 1.31298e+07)
          (32768, 1.24701e+07)
          (65536, 8.17702e+06)
          (131072, 1.18985e+07)
          (262144, 1.13157e+07)
          (524288, 1.11508e+07)
          (1048576, 1.09131e+07)
       };
       \addlegendentry{p=3, q=4}
       \addplot
       coordinates {
          (625, 8.85272e+06)
          (1250, 3.67719e+06)
          (2500, 5.51565e+06)
          (5000, 9.01862e+06)
          (10000, 1.54902e+07)
          (20000, 1.34256e+07)
          (40000, 1.26368e+07)
          (80000, 1.19325e+07)
          (160000, 1.13942e+07)
          (320000, 1.12662e+07)
          (640000, 1.09535e+07)
          (1280000, 1.07155e+07)
       };
       \addlegendentry{p=4, q=5}
       \addplot
       coordinates {
          (1296, 4.93243e+06)
          (2592, 3.27486e+06)
          (5184, 4.9804e+06)
          (10368, 8.19253e+06)
          (20736, 1.39664e+07)
          (41472, 1.08852e+07)
          (82944, 1.10963e+07)
          (165888, 1.0185e+07)
          (331776, 9.77191e+06)
          (663552, 1.00107e+07)
          (1327104, 9.69693e+06)
       };
       \addlegendentry{p=5, q=6}
       \addplot
       coordinates {
          (2401, 7.54249e+06)
          (4802, 2.66505e+06)
          (9604, 3.41305e+06)
          (19208, 6.38051e+06)
          (38416, 1.04524e+07)
          (76832, 8.94657e+06)
          (153664, 8.30831e+06)
          (307328, 7.8062e+06)
          (614656, 7.49029e+06)
          (1229312, 7.43927e+06)
       };
       \addlegendentry{p=6, q=7}
    \end{axis}
 \end{tikzpicture}
