
3d mesh mass operator. 
Orders: 0-6
Quad pts: order + 2

 \begin{tikzpicture}[scale=0.9]
    \begin{axis}[
       title={3D Mass Operator Application Performance},
       xlabel={Number of dofs},
       ylabel={Throughput [DoF/s]},
       legend pos=outer north east,
       grid=major,
       xmode = log,
       ymode = log,
       cycle list name=color list,
       ]
       \addplot
       coordinates {
          (1, 7871.86)
          (2, 948.629)
          (4, 97859.8)
          (8, 208051)
          (16, 409447)
          (32, 806002)
          (64, 1.58562e+06)
          (128, 2.98151e+06)
          (256, 5.25581e+06)
          (512, 9.11337e+06)
          (1024, 1.36811e+07)
          (2048, 1.87901e+07)
          (4096, 2.25625e+07)
          (8192, 2.63035e+07)
          (16384, 2.79795e+07)
          (32768, 2.88447e+07)
          (65536, 2.68878e+07)
          (131072, 2.43139e+07)
          (262144, 5.75398e+07)
          (524288, 5.76159e+07)
          (1048576, 5.65902e+07)
       };
       \addlegendentry{p=0, q=2}
       \addplot
       coordinates {
          (8, 731835)
          (16, 1.31123e+06)
          (32, 2.37878e+06)
          (64, 4.73974e+06)
          (128, 9.46691e+06)
          (256, 1.61715e+07)
          (512, 2.59125e+07)
          (1024, 3.71964e+07)
          (2048, 4.66657e+07)
          (4096, 5.31869e+07)
          (8192, 5.86106e+07)
          (16384, 6.071e+07)
          (32768, 5.85882e+07)
          (65536, 6.33476e+07)
          (131072, 6.32529e+07)
          (262144, 6.34885e+07)
          (524288, 6.39013e+07)
          (1048576, 6.29924e+07)
       };
       \addlegendentry{p=1, q=3}
       \addplot
       coordinates {
          (27, 9650.59)
          (54, 3.12884e+06)
          (108, 5.8624e+06)
          (216, 1.13277e+07)
          (432, 2.35294e+07)
          (864, 3.62339e+07)
          (1728, 4.80241e+07)
          (3456, 5.68475e+07)
          (6912, 6.18593e+07)
          (13824, 5.95087e+07)
          (27648, 6.79709e+07)
          (55296, 6.87812e+07)
          (110592, 6.93742e+07)
          (221184, 6.90448e+07)
          (442368, 6.72742e+07)
          (884736, 6.60278e+07)
          (1769472, 6.77952e+07)
       };
       \addlegendentry{p=2, q=4}
       \addplot
       coordinates {
          (64, 5.33073e+06)
          (128, 4.80862e+06)
          (256, 9.19078e+06)
          (512, 1.63545e+07)
          (1024, 3.71321e+07)
          (2048, 4.70325e+07)
          (4096, 5.40136e+07)
          (8192, 5.9509e+07)
          (16384, 5.62338e+07)
          (32768, 6.28629e+07)
          (65536, 6.46779e+07)
          (131072, 6.50818e+07)
          (262144, 6.51225e+07)
          (524288, 4.9665e+07)
          (1048576, 6.43212e+07)
       };
       \addlegendentry{p=3, q=5}
       \addplot
       coordinates {
          (125, 7.49468e+06)
          (250, 6.07907e+06)
          (500, 1.16838e+07)
          (1000, 2.27706e+07)
          (2000, 4.65668e+07)
          (4000, 5.45657e+07)
          (8000, 5.96516e+07)
          (16000, 6.14734e+07)
          (32000, 6.45871e+07)
          (64000, 6.54846e+07)
          (128000, 6.61389e+07)
          (256000, 6.62585e+07)
          (512000, 6.64372e+07)
          (1024000, 6.64607e+07)
       };
       \addlegendentry{p=4, q=6}
       \addplot
       coordinates {
          (216, 1.01891e+07)
          (432, 6.552e+06)
          (864, 1.27439e+07)
          (1728, 2.55427e+07)
          (3456, 5.015e+07)
          (6912, 4.61967e+07)
          (13824, 5.84771e+07)
          (27648, 6.02904e+07)
          (55296, 6.13082e+07)
          (110592, 6.18459e+07)
          (221184, 6.21994e+07)
          (442368, 6.20284e+07)
          (884736, 5.86091e+07)
          (1769472, 6.18749e+07)
       };
       \addlegendentry{p=5, q=7}
       \addplot
       coordinates {
          (343, 1.09782e+07)
          (686, 6.71281e+06)
          (1372, 1.33688e+07)
          (2744, 2.6272e+07)
          (5488, 5.2628e+07)
          (10976, 5.65803e+07)
          (21952, 5.91802e+07)
          (43904, 6.0642e+07)
          (87808, 6.14248e+07)
          (175616, 6.18383e+07)
          (351232, 6.19613e+07)
          (702464, 6.19601e+07)
          (1404928, 6.07153e+07)
       };
       \addlegendentry{p=6, q=8}
    \end{axis}
 \end{tikzpicture}
