
4d mesh mass operator. 
Orders: 0-6
Quad pts: order + 2

 \begin{tikzpicture}[scale=0.9]
    \begin{axis}[
       title={4D Mass Operator Application Performance},
       xlabel={Number of dofs},
       ylabel={Throughput [DoF/s]},
       legend pos=outer north east,
       grid=major,
       xmode = log,
       ymode = log,
       cycle list name=color list,
       ]
       \addplot
       coordinates {
          (1, 17984.4)
          (2, 35567.1)
          (4, 2882.19)
          (8, 144037)
          (16, 291986)
          (32, 568563)
          (64, 1.07796e+06)
          (128, 1.72371e+06)
          (256, 3.30591e+06)
          (512, 5.51106e+06)
          (1024, 7.64286e+06)
          (2048, 9.27016e+06)
          (4096, 1.7199e+07)
          (8192, 1.82821e+07)
          (16384, 1.93033e+07)
          (32768, 1.97548e+07)
          (65536, 2.7523e+07)
          (131072, 3.32323e+07)
          (262144, 3.93071e+07)
          (524288, 3.93446e+07)
          (1048576, 3.85199e+07)
       };
       \addlegendentry{p=0, q=2}
       \addplot
       coordinates {
          (16, 9463.97)
          (32, 1.9394e+06)
          (64, 3.58881e+06)
          (128, 7.08774e+06)
          (256, 1.43028e+07)
          (512, 2.17132e+07)
          (1024, 2.9018e+07)
          (2048, 3.50891e+07)
          (4096, 3.8254e+07)
          (8192, 4.14176e+07)
          (16384, 4.22303e+07)
          (32768, 4.33909e+07)
          (65536, 4.3774e+07)
          (131072, 4.38745e+07)
          (262144, 4.37311e+07)
          (524288, 4.38433e+07)
          (1048576, 4.39131e+07)
       };
       \addlegendentry{p=1, q=3}
       \addplot
       coordinates {
          (81, 6.08049e+06)
          (162, 4.63096e+06)
          (324, 8.4424e+06)
          (648, 1.76285e+07)
          (1296, 3.53314e+07)
          (2592, 3.76044e+07)
          (5184, 4.79132e+07)
          (10368, 5.12848e+07)
          (20736, 5.26072e+07)
          (41472, 5.33823e+07)
          (82944, 5.42156e+07)
          (165888, 5.45235e+07)
          (331776, 5.47842e+07)
          (663552, 4.9128e+07)
          (1327104, 5.47976e+07)
       };
       \addlegendentry{p=2, q=4}
       \addplot
       coordinates {
          (256, 9.82036e+06)
          (512, 5.55555e+06)
          (1024, 1.05955e+07)
          (2048, 2.16143e+07)
          (4096, 4.29211e+07)
          (8192, 4.6612e+07)
          (16384, 4.88488e+07)
          (32768, 5.01852e+07)
          (65536, 5.08533e+07)
          (131072, 5.12914e+07)
          (262144, 5.14026e+07)
          (524288, 5.14437e+07)
          (1048576, 5.07702e+07)
       };
       \addlegendentry{p=3, q=5}
       \addplot
       coordinates {
          (625, 188430)
          (1250, 5.68948e+06)
          (2500, 1.12478e+07)
          (5000, 2.25778e+07)
          (10000, 4.46005e+07)
          (20000, 4.65693e+07)
          (40000, 4.74469e+07)
          (80000, 4.75184e+07)
          (160000, 4.82068e+07)
          (320000, 4.82639e+07)
          (640000, 4.83127e+07)
          (1280000, 4.76388e+07)
       };
       \addlegendentry{p=4, q=6}
       \addplot
       coordinates {
          (1296, 1.11314e+07)
          (2592, 5.34384e+06)
          (5184, 1.06977e+07)
          (10368, 2.15315e+07)
          (20736, 4.20619e+07)
          (41472, 4.31036e+07)
          (82944, 4.34254e+07)
          (165888, 4.25786e+07)
          (331776, 3.62764e+07)
          (663552, 4.3292e+07)
          (1327104, 4.33264e+07)
       };
       \addlegendentry{p=5, q=7}
       \addplot
       coordinates {
          (2401, 8.04225e+06)
          (4802, 3.82632e+06)
          (9604, 7.34994e+06)
          (19208, 1.49767e+07)
          (38416, 2.69616e+07)
          (76832, 2.61489e+07)
          (153664, 2.69671e+07)
          (307328, 2.40187e+07)
          (614656, 2.69841e+07)
          (1229312, 2.64538e+07)
       };
       \addlegendentry{p=6, q=8}
    \end{axis}
 \end{tikzpicture}
