
3d mesh advection operator. 
Orders: 0-6
Quad pts: order + 2

 \begin{tikzpicture}[scale=0.9]
    \begin{axis}[
       title={3D Advection Operator Application Performance},
       xlabel={Number of dofs},
       ylabel={Throughput [DoF/s]},
       legend pos=outer north east,
       grid=major,
       xmode = log,
       ymode = log,
       cycle list name=color list,
       ]
       \addplot
       coordinates {
          (1, 10252.5)
          (2, 33431.8)
          (4, 2639.16)
          (8, 130793)
          (16, 249633)
          (32, 421952)
          (64, 781466)
          (128, 1.18855e+06)
          (256, 1.59691e+06)
          (512, 1.92731e+06)
          (1024, 2.13036e+06)
          (2048, 2.23731e+06)
          (4096, 3.33594e+06)
          (8192, 3.40081e+06)
          (16384, 2.80953e+06)
          (32768, 6.01769e+06)
          (65536, 6.7976e+06)
          (131072, 6.78102e+06)
          (262144, 6.57076e+06)
          (524288, 6.68946e+06)
          (1048576, 6.70919e+06)
       };
       \addlegendentry{p=0, q=2}
       \addplot
       coordinates {
          (8, 294355)
          (16, 885684)
          (32, 1.70724e+06)
          (64, 3.05416e+06)
          (128, 5.95937e+06)
          (256, 8.35285e+06)
          (512, 1.04562e+07)
          (1024, 1.18825e+07)
          (2048, 1.26893e+07)
          (4096, 1.2979e+07)
          (8192, 1.3265e+07)
          (16384, 1.3142e+07)
          (32768, 1.31614e+07)
          (65536, 1.31952e+07)
          (131072, 1.31865e+07)
          (262144, 1.26971e+07)
          (524288, 1.27803e+07)
          (1048576, 1.30385e+07)
       };
       \addlegendentry{p=1, q=3}
       \addplot
       coordinates {
          (27, 2.15083e+06)
          (54, 1.7759e+06)
          (108, 3.04359e+06)
          (216, 5.25161e+06)
          (432, 9.59954e+06)
          (864, 1.04782e+07)
          (1728, 1.10279e+07)
          (3456, 1.13618e+07)
          (6912, 1.14023e+07)
          (13824, 1.12423e+07)
          (27648, 1.12558e+07)
          (55296, 7.2711e+06)
          (110592, 1.09985e+07)
          (221184, 1.05885e+07)
          (442368, 1.08457e+07)
          (884736, 1.07777e+07)
          (1769472, 1.07438e+07)
       };
       \addlegendentry{p=2, q=4}
       \addplot
       coordinates {
          (64, 3.11568e+06)
          (128, 2.47404e+06)
          (256, 4.17298e+06)
          (512, 7.00983e+06)
          (1024, 1.22362e+07)
          (2048, 1.27743e+07)
          (4096, 1.23061e+07)
          (8192, 1.27368e+07)
          (16384, 1.27902e+07)
          (32768, 1.2526e+07)
          (65536, 1.24997e+07)
          (131072, 1.23645e+07)
          (262144, 1.18575e+07)
          (524288, 1.21164e+07)
          (1048576, 1.20386e+07)
       };
       \addlegendentry{p=3, q=5}
       \addplot
       coordinates {
          (125, 5.12956e+06)
          (250, 2.8311e+06)
          (500, 4.66442e+06)
          (1000, 7.80811e+06)
          (2000, 1.36355e+07)
          (4000, 1.34866e+07)
          (8000, 1.31229e+07)
          (16000, 1.32939e+07)
          (32000, 1.22811e+07)
          (64000, 8.09433e+06)
          (128000, 1.26487e+07)
          (256000, 1.21703e+07)
          (512000, 1.22342e+07)
          (1024000, 1.22676e+07)
       };
       \addlegendentry{p=4, q=6}
       \addplot
       coordinates {
          (216, 5.87148e+06)
          (432, 2.88223e+06)
          (864, 4.75193e+06)
          (1728, 8.02625e+06)
          (3456, 1.35199e+07)
          (6912, 1.31909e+07)
          (13824, 1.26488e+07)
          (27648, 1.27218e+07)
          (55296, 1.24244e+07)
          (110592, 1.06908e+07)
          (221184, 1.21256e+07)
          (442368, 1.16415e+07)
          (884736, 1.17435e+07)
          (1769472, 1.17729e+07)
       };
       \addlegendentry{p=5, q=7}
       \addplot
       coordinates {
          (343, 2.55086e+06)
          (686, 2.92744e+06)
          (1372, 4.53594e+06)
          (2744, 8.13067e+06)
          (5488, 1.37772e+07)
          (10976, 1.31024e+07)
          (21952, 1.26125e+07)
          (43904, 1.26651e+07)
          (87808, 1.2306e+07)
          (175616, 1.2016e+07)
          (351232, 1.17995e+07)
          (702464, 1.1759e+07)
          (1404928, 1.16587e+07)
       };
       \addlegendentry{p=6, q=8}
    \end{axis}
 \end{tikzpicture}
