
3D Speed-of-Light operator benchmarks

\begin{tikzpicture}[scale=0.9]
  \begin{axis}[
    title={Volume Speed-of-Light Operator},
    xlabel={Number of DoFs},
    ylabel={Throughput [DoF/s]},
    legend pos=outer north east,
    grid=major, xmode=log, ymode=log, cycle list name=color list
  ]
       \addplot coordinates {
          (1, 12327.1)
          (2, 24839.2)
          (4, 2319.6)
          (8, 211862)
          (16, 460488)
          (32, 918850)
          (64, 1.83754e+06)
          (128, 3.62491e+06)
          (256, 6.51314e+06)
          (512, 1.38283e+07)
          (1024, 2.21727e+07)
          (2048, 4.4294e+07)
          (4096, 6.85855e+07)
          (8192, 8.82332e+07)
          (16384, 1.79686e+08)
          (32768, 2.57711e+08)
          (65536, 2.70783e+08)
          (131072, 2.3939e+08)
          (262144, 2.42877e+08)
          (524288, 2.3519e+08)
          (1048576, 2.80514e+08)
       };\addlegendentry{vol p=0}
       \addplot coordinates {
          (8, 700753)
          (16, 1.4048e+06)
          (32, 2.84679e+06)
          (64, 5.60459e+06)
          (128, 1.11887e+07)
          (256, 2.22963e+07)
          (512, 4.02053e+07)
          (1024, 8.67781e+07)
          (2048, 1.61727e+08)
          (4096, 2.90238e+08)
          (8192, 5.088e+08)
          (16384, 8.08878e+08)
          (32768, 1.1634e+09)
          (65536, 1.42502e+09)
          (131072, 1.26713e+09)
          (262144, 1.16689e+09)
          (524288, 1.10966e+09)
          (1048576, 1.00376e+09)
       };\addlegendentry{vol p=1}
       \addplot coordinates {
          (27, 2.37246e+06)
          (54, 4.6394e+06)
          (108, 9.02945e+06)
          (216, 1.90245e+07)
          (432, 3.68605e+07)
          (864, 7.09123e+07)
          (1728, 1.42206e+08)
          (3456, 2.6261e+08)
          (6912, 4.72249e+08)
          (13824, 6.87441e+08)
          (27648, 1.0039e+09)
          (55296, 1.31867e+09)
          (110592, 1.49011e+09)
          (221184, 1.13544e+09)
          (442368, 8.48228e+08)
          (884736, 7.98617e+08)
          (1769472, 7.04103e+08)
       };\addlegendentry{vol p=2}
       \addplot coordinates {
          (64, 5.12873e+06)
          (128, 1.1128e+07)
          (256, 8.30701e+06)
          (512, 4.08156e+07)
          (1024, 7.97211e+07)
          (2048, 1.52754e+08)
          (4096, 2.59241e+08)
          (8192, 3.94866e+08)
          (16384, 5.26715e+08)
          (32768, 6.08648e+08)
          (65536, 3.18226e+08)
          (131072, 6.10369e+08)
          (262144, 5.29253e+08)
          (524288, 3.2276e+08)
          (1048576, 3.94111e+08)
       };\addlegendentry{vol p=3}
       \addplot coordinates {
          (125, 1.11292e+07)
          (250, 2.12022e+07)
          (500, 112279)
          (1000, 8.05398e+07)
          (2000, 1.49906e+08)
          (4000, 2.56694e+08)
          (8000, 4.06918e+08)
          (16000, 6.12253e+08)
          (32000, 8.21107e+08)
          (64000, 9.83795e+08)
          (128000, 1.06417e+09)
          (256000, 9.18801e+08)
          (512000, 9.66094e+08)
          (1024000, 9.9041e+08)
       };\addlegendentry{vol p=4}
       \addplot coordinates {
          (216, 1.85055e+07)
          (432, 3.77422e+07)
          (864, 6.88274e+07)
          (1728, 1.34312e+08)
          (3456, 2.4386e+08)
          (6912, 4.42299e+08)
          (13824, 5.79687e+08)
          (27648, 8.02042e+08)
          (55296, 1.00428e+09)
          (110592, 1.16166e+09)
          (221184, 1.12653e+09)
          (442368, 1.00121e+09)
          (884736, 9.98371e+08)
          (1769472, 9.48097e+08)
       };\addlegendentry{vol p=5}
       \addplot coordinates {
          (343, 2.96049e+07)
          (686, 5.29531e+07)
          (1372, 9.43335e+07)
          (2744, 1.83303e+08)
          (5488, 3.13344e+08)
          (10976, 5.09543e+08)
          (21952, 6.81336e+08)
          (43904, 9.12831e+08)
          (87808, 1.10936e+09)
          (175616, 1.14483e+09)
          (351232, 9.90285e+08)
          (702464, 1.00133e+09)
          (1404928, 9.5705e+08)
       };\addlegendentry{vol p=6}
  \end{axis}
\end{tikzpicture}

\begin{tikzpicture}[scale=0.9]
  \begin{axis}[
    title={Face Read Speed-of-Light Operator},
    xlabel={Number of DoFs},
    ylabel={Throughput [DoF/s]},
    legend pos=outer north east,
    grid=major, xmode=log, ymode=log, cycle list name=color list
  ]
       \addplot coordinates {
          (1, 90936.8)
          (2, 175235)
          (4, 356227)
          (8, 694599)
          (16, 1.3268e+06)
          (32, 2.66346e+06)
          (64, 5.09111e+06)
          (128, 9.63907e+06)
          (256, 1.56285e+07)
          (512, 2.80102e+07)
          (1024, 4.01489e+07)
          (2048, 5.14584e+07)
          (4096, 6.03325e+07)
          (8192, 6.73438e+07)
          (16384, 6.31087e+07)
          (32768, 6.34791e+07)
          (65536, 7.54447e+07)
          (131072, 7.38774e+07)
          (262144, 7.32753e+07)
          (524288, 7.09147e+07)
          (1048576, 6.58714e+07)
       };\addlegendentry{read p=0}
       \addplot coordinates {
          (8, 723771)
          (16, 994115)
          (32, 2.47295e+06)
          (64, 5.83732e+06)
          (128, 1.08665e+07)
          (256, 2.09649e+07)
          (512, 3.77858e+07)
          (1024, 6.48955e+07)
          (2048, 9.60436e+07)
          (4096, 1.26977e+08)
          (8192, 1.46751e+08)
          (16384, 1.78817e+08)
          (32768, 1.94961e+08)
          (65536, 2.07586e+08)
          (131072, 2.05917e+08)
          (262144, 2.0431e+08)
          (524288, 1.80196e+08)
          (1048576, 1.78112e+08)
       };\addlegendentry{read p=1}
       \addplot coordinates {
          (27, 2.42899e+06)
          (54, 4.84892e+06)
          (108, 9.24567e+06)
          (216, 1.7256e+07)
          (432, 3.20932e+07)
          (864, 5.63281e+07)
          (1728, 8.6262e+07)
          (3456, 1.21827e+08)
          (6912, 1.45439e+08)
          (13824, 1.69899e+08)
          (27648, 1.71987e+08)
          (55296, 1.61566e+08)
          (110592, 1.69354e+08)
          (221184, 1.64227e+08)
          (442368, 1.45448e+08)
          (884736, 1.68464e+08)
          (1769472, 1.56483e+08)
       };\addlegendentry{read p=2}
       \addplot coordinates {
          (64, 5.8074e+06)
          (128, 1.11251e+07)
          (256, 1.95143e+07)
          (512, 3.51745e+07)
          (1024, 5.58475e+07)
          (2048, 8.18742e+07)
          (4096, 1.03225e+08)
          (8192, 1.20973e+08)
          (16384, 1.27987e+08)
          (32768, 1.29622e+08)
          (65536, 1.17356e+08)
          (131072, 1.14966e+08)
          (262144, 1.16054e+08)
          (524288, 1.11913e+08)
          (1048576, 1.05289e+08)
       };\addlegendentry{read p=3}
       \addplot coordinates {
          (125, 1.0975e+07)
          (250, 2.00916e+07)
          (500, 3.34939e+07)
          (1000, 5.5622e+07)
          (2000, 8.8366e+07)
          (4000, 1.30719e+08)
          (8000, 1.59645e+08)
          (16000, 1.78102e+08)
          (32000, 1.96233e+08)
          (64000, 1.91145e+08)
          (128000, 1.88869e+08)
          (256000, 1.75877e+08)
          (512000, 9.68477e+07)
          (1024000, 1.77536e+08)
       };\addlegendentry{read p=4}
       \addplot coordinates {
          (216, 1.91198e+07)
          (432, 3.21074e+07)
          (864, 4.77177e+07)
          (1728, 8.28051e+07)
          (3456, 1.00979e+08)
          (6912, 1.44256e+08)
          (13824, 1.5716e+08)
          (27648, 1.65829e+08)
          (55296, 1.69913e+08)
          (110592, 1.70353e+08)
          (221184, 1.60364e+08)
          (442368, 1.56435e+08)
          (884736, 1.54862e+08)
          (1769472, 1.47373e+08)
       };\addlegendentry{read p=5}
       \addplot coordinates {
          (343, 2.93338e+07)
          (686, 4.18566e+07)
          (1372, 6.31086e+07)
          (2744, 9.72387e+07)
          (5488, 1.22846e+08)
          (10976, 1.62277e+08)
          (21952, 1.65033e+08)
          (43904, 1.74375e+08)
          (87808, 1.74902e+08)
          (175616, 1.71095e+08)
          (351232, 8.26998e+07)
          (702464, 1.49835e+08)
          (1404928, 1.54305e+08)
       };\addlegendentry{read p=6}
  \end{axis}
\end{tikzpicture}

\begin{tikzpicture}[scale=0.9]
  \begin{axis}[
    title={Face Write Speed-of-Light Operator},
    xlabel={Number of DoFs},
    ylabel={Throughput [DoF/s]},
    legend pos=outer north east,
    grid=major, xmode=log, ymode=log, cycle list name=color list
  ]
       \addplot coordinates {
          (1, 87800.7)
          (2, 180312)
          (4, 328859)
          (8, 584368)
          (16, 959524)
          (32, 1.34053e+06)
          (64, 1.83347e+06)
          (128, 2.70245e+06)
          (256, 3.48383e+06)
          (512, 4.05636e+06)
          (1024, 4.74019e+06)
          (2048, 5.46765e+06)
          (4096, 6.04515e+06)
          (8192, 6.62212e+06)
          (16384, 5.90607e+06)
          (32768, 7.11454e+06)
          (65536, 7.72348e+06)
          (131072, 9.60403e+06)
          (262144, 1.32282e+07)
          (524288, 1.73915e+07)
          (1048576, 2.43433e+07)
       };\addlegendentry{write p=0}
       \addplot coordinates {
          (8, 2544.11)
          (16, 1.48596e+06)
          (32, 2.4965e+06)
          (64, 4.25164e+06)
          (128, 6.19467e+06)
          (256, 8.26233e+06)
          (512, 9.67921e+06)
          (1024, 1.42469e+07)
          (2048, 1.71408e+07)
          (4096, 1.88812e+07)
          (8192, 1.85423e+07)
          (16384, 2.11758e+07)
          (32768, 2.37718e+07)
          (65536, 2.3929e+07)
          (131072, 2.77522e+07)
          (262144, 3.32075e+07)
          (524288, 3.43224e+07)
          (1048576, 4.00944e+07)
       };\addlegendentry{write p=1}
       \addplot coordinates {
          (27, 2.40262e+06)
          (54, 4.31706e+06)
          (108, 6.55277e+06)
          (216, 9.84385e+06)
          (432, 1.30525e+07)
          (864, 1.69388e+07)
          (1728, 1.86016e+07)
          (3456, 2.29498e+07)
          (6912, 2.3905e+07)
          (13824, 2.50027e+07)
          (27648, 2.58646e+07)
          (55296, 2.75972e+07)
          (110592, 2.47672e+07)
          (221184, 2.9755e+07)
          (442368, 3.25433e+07)
          (884736, 3.65052e+07)
          (1769472, 3.96286e+07)
       };\addlegendentry{write p=2}
       \addplot coordinates {
          (64, 5.75148e+06)
          (128, 8.22679e+06)
          (256, 1.14114e+07)
          (512, 1.65597e+07)
          (1024, 2.04905e+07)
          (2048, 2.3809e+07)
          (4096, 2.46372e+07)
          (8192, 2.80942e+07)
          (16384, 2.89409e+07)
          (32768, 2.92091e+07)
          (65536, 2.87643e+07)
          (131072, 3.03127e+07)
          (262144, 2.6774e+07)
          (524288, 3.36573e+07)
          (1048576, 3.8106e+07)
       };\addlegendentry{write p=3}
       \addplot coordinates {
          (125, 1.10038e+07)
          (250, 1.17684e+07)
          (500, 1.59232e+07)
          (1000, 2.20668e+07)
          (2000, 2.08969e+07)
          (4000, 2.67696e+07)
          (8000, 2.75606e+07)
          (16000, 3.01993e+07)
          (32000, 2.99625e+07)
          (64000, 3.01365e+07)
          (128000, 2.945e+07)
          (256000, 2.83065e+07)
          (512000, 3.16018e+07)
          (1024000, 3.64684e+07)
       };\addlegendentry{write p=4}
       \addplot coordinates {
          (216, 1.83603e+07)
          (432, 1.53524e+07)
          (864, 2.00549e+07)
          (1728, 2.35712e+07)
          (3456, 2.2073e+07)
          (6912, 2.97938e+07)
          (13824, 3.0503e+07)
          (27648, 3.29185e+07)
          (55296, 3.26139e+07)
          (110592, 3.31237e+07)
          (221184, 3.12917e+07)
          (442368, 3.41341e+07)
          (884736, 3.8334e+07)
          (1769472, 4.71241e+07)
       };\addlegendentry{write p=5}
       \addplot coordinates {
          (343, 2.46793e+07)
          (686, 1.68658e+07)
          (1372, 2.11394e+07)
          (2744, 2.85357e+07)
          (5488, 2.91796e+07)
          (10976, 3.34131e+07)
          (21952, 3.20253e+07)
          (43904, 3.43302e+07)
          (87808, 3.42951e+07)
          (175616, 2.56857e+07)
          (351232, 3.5119e+07)
          (702464, 4.02437e+07)
          (1404928, 4.61532e+07)
       };\addlegendentry{write p=6}
  \end{axis}
\end{tikzpicture}

\begin{tikzpicture}[scale=0.9]
  \begin{axis}[
    title={Global Face Speed-of-Light Operator},
    xlabel={Number of DoFs},
    ylabel={Throughput [DoF/s]},
    legend pos=south east,
    grid=major, xmode=log, ymode=log, cycle list name=color list
  ]
       \addplot coordinates {
          (1, 28279.1)
          (2, 61327.3)
          (4, 121337)
          (8, 228677)
          (16, 450418)
          (32, 830237)
          (64, 1.26812e+06)
          (128, 2.2409e+06)
          (256, 3.1725e+06)
          (512, 4.04121e+06)
          (1024, 4.96618e+06)
          (2048, 5.1993e+06)
          (4096, 6.33556e+06)
          (8192, 6.53857e+06)
          (16384, 5.23416e+06)
          (32768, 5.20685e+06)
          (65536, 7.13104e+06)
          (131072, 8.20529e+06)
          (262144, 1.01283e+07)
          (524288, 1.95026e+07)
          (1048576, 2.38676e+07)
       };\addlegendentry{write p=0}
       \addplot coordinates {
          (8, 243907)
          (16, 491471)
          (32, 988182)
          (64, 1.73762e+06)
          (128, 3.44572e+06)
          (256, 5.58565e+06)
          (512, 8.30661e+06)
          (1024, 1.17645e+07)
          (2048, 1.48421e+07)
          (4096, 1.68512e+07)
          (8192, 2.0227e+07)
          (16384, 2.26849e+07)
          (32768, 2.50803e+07)
          (65536, 2.68005e+07)
          (131072, 2.83347e+07)
          (262144, 2.39475e+07)
          (524288, 3.76331e+07)
          (1048576, 3.94043e+07)
       };\addlegendentry{write p=1}
       \addplot coordinates {
          (27, 811044)
          (54, 1.61847e+06)
          (108, 3.01933e+06)
          (216, 5.24791e+06)
          (432, 6.92611e+06)
          (864, 1.35947e+07)
          (1728, 1.84473e+07)
          (3456, 2.32321e+07)
          (6912, 2.66026e+07)
          (13824, 2.64167e+07)
          (27648, 3.13749e+07)
          (55296, 3.35133e+07)
          (110592, 3.54994e+07)
          (221184, 3.77114e+07)
          (442368, 3.89077e+07)
          (884736, 4.12601e+07)
          (1769472, 4.36339e+07)
       };\addlegendentry{write p=2}
       \addplot coordinates {
          (64, 1.93947e+06)
          (128, 3.87823e+06)
          (256, 5.81563e+06)
          (512, 9.55238e+06)
          (1024, 1.62492e+07)
          (2048, 2.10065e+07)
          (4096, 2.46314e+07)
          (8192, 2.81249e+07)
          (16384, 2.9227e+07)
          (32768, 2.95919e+07)
          (65536, 2.91863e+07)
          (131072, 1.62105e+07)
          (262144, 2.43128e+07)
          (524288, 3.04112e+07)
          (1048576, 2.96274e+07)
       };\addlegendentry{write p=3}
       \addplot coordinates {
          (125, 78249.5)
          (250, 7.25414e+06)
          (500, 8.7285e+06)
          (1000, 1.36059e+07)
          (2000, 2.24915e+07)
          (4000, 2.50302e+07)
          (8000, 2.89093e+07)
          (16000, 3.13786e+07)
          (32000, 3.21359e+07)
          (64000, 3.14049e+07)
          (128000, 3.09202e+07)
          (256000, 3.05316e+07)
          (512000, 3.23463e+07)
          (1024000, 3.33432e+07)
       };\addlegendentry{write p=4}
       \addplot coordinates {
          (216, 6.50637e+06)
          (432, 1.14985e+07)
          (864, 1.2688e+07)
          (1728, 1.6529e+07)
          (3456, 2.74348e+07)
          (6912, 2.93166e+07)
          (13824, 3.25262e+07)
          (27648, 3.4752e+07)
          (55296, 1.87803e+07)
          (110592, 2.54461e+07)
          (221184, 3.57984e+07)
          (442368, 3.56229e+07)
          (884736, 3.70001e+07)
          (1769472, 4.04985e+07)
       };\addlegendentry{write p=5}
       \addplot coordinates {
          (343, 1.02219e+07)
          (686, 1.64399e+07)
          (1372, 1.4638e+07)
          (2744, 2.07905e+07)
          (5488, 3.10569e+07)
          (10976, 3.24774e+07)
          (21952, 3.56287e+07)
          (43904, 3.72587e+07)
          (87808, 3.86297e+07)
          (175616, 3.94059e+07)
          (351232, 3.99727e+07)
          (702464, 3.96462e+07)
          (1404928, 4.48657e+07)
       };\addlegendentry{write p=6}
  \end{axis}
\end{tikzpicture}
