
3d mesh mass operator. 
Orders: 0-6
Quad pts: order + 2

 \begin{tikzpicture}[scale=0.9]
    \begin{axis}[
       title={3D Mass Operator Application Performance},
       xlabel={Number of dofs},
       ylabel={Throughput [DoF/s]},
       legend pos=outer north east,
       grid=major,
       xmode = log,
       ymode = log,
       cycle list name=color list,
       ]
       \addplot
       coordinates {
          (1, 245.106)
          (2, 59172.7)
          (4, 119716)
          (8, 232796)
          (16, 470852)
          (32, 916268)
          (64, 1.5319e+06)
          (128, 2.8949e+06)
          (256, 4.9745e+06)
          (512, 7.2188e+06)
          (1024, 9.30541e+06)
          (2048, 1.09203e+07)
          (4096, 1.19207e+07)
          (8192, 1.27276e+07)
          (16384, 1.31293e+07)
          (32768, 1.43089e+07)
          (65536, 3.39706e+07)
          (131072, 3.80787e+07)
          (262144, 3.83714e+07)
          (524288, 3.84562e+07)
          (1048576, 3.74645e+07)
       };
       \addlegendentry{p=0, q=2}
       \addplot
       coordinates {
          (8, 713212)
          (16, 1.31e+06)
          (32, 2.53057e+06)
          (64, 4.66582e+06)
          (128, 8.14423e+06)
          (256, 1.45795e+07)
          (512, 2.1766e+07)
          (1024, 2.64817e+07)
          (2048, 3.43441e+07)
          (4096, 3.81322e+07)
          (8192, 4.02153e+07)
          (16384, 4.14638e+07)
          (32768, 4.18723e+07)
          (65536, 4.20111e+07)
          (131072, 3.77601e+07)
          (262144, 3.57212e+07)
          (524288, 4.2463e+07)
          (1048576, 4.27514e+07)
       };
       \addlegendentry{p=1, q=3}
       \addplot
       coordinates {
          (27, 12169.3)
          (54, 3.22917e+06)
          (108, 6.38786e+06)
          (216, 1.24194e+07)
          (432, 1.85837e+07)
          (864, 2.871e+07)
          (1728, 3.58192e+07)
          (3456, 4.05058e+07)
          (6912, 4.32289e+07)
          (13824, 4.47034e+07)
          (27648, 4.55358e+07)
          (55296, 4.54998e+07)
          (110592, 4.0854e+07)
          (221184, 4.55844e+07)
          (442368, 4.51196e+07)
          (884736, 4.41944e+07)
          (1769472, 4.45861e+07)
       };
       \addlegendentry{p=2, q=4}
       \addplot
       coordinates {
          (64, 5.23102e+06)
          (128, 4.84069e+06)
          (256, 9.75939e+06)
          (512, 1.8637e+07)
          (1024, 2.11831e+07)
          (2048, 3.46939e+07)
          (4096, 3.84143e+07)
          (8192, 4.10918e+07)
          (16384, 4.2198e+07)
          (32768, 3.76734e+07)
          (65536, 4.31916e+07)
          (131072, 4.34718e+07)
          (262144, 4.34927e+07)
          (524288, 4.00666e+07)
          (1048576, 4.34331e+07)
       };
       \addlegendentry{p=3, q=5}
       \addplot
       coordinates {
          (125, 7.5774e+06)
          (250, 6.03124e+06)
          (500, 1.20929e+07)
          (1000, 2.37717e+07)
          (2000, 2.76246e+07)
          (4000, 3.87011e+07)
          (8000, 4.13611e+07)
          (16000, 4.25915e+07)
          (32000, 4.34957e+07)
          (64000, 4.38634e+07)
          (128000, 4.41795e+07)
          (256000, 3.77131e+07)
          (512000, 4.41435e+07)
          (1024000, 4.35269e+07)
       };
       \addlegendentry{p=4, q=6}
       \addplot
       coordinates {
          (216, 1.00902e+07)
          (432, 6.37579e+06)
          (864, 1.27605e+07)
          (1728, 2.53185e+07)
          (3456, 2.78186e+07)
          (6912, 3.86751e+07)
          (13824, 3.95952e+07)
          (27648, 4.06648e+07)
          (55296, 4.1173e+07)
          (110592, 4.12734e+07)
          (221184, 4.14153e+07)
          (442368, 4.13205e+07)
          (884736, 4.00955e+07)
          (1769472, 4.10899e+07)
       };
       \addlegendentry{p=5, q=7}
       \addplot
       coordinates {
          (343, 1.08473e+07)
          (686, 6.77417e+06)
          (1372, 1.35887e+07)
          (2744, 2.51437e+07)
          (5488, 2.85265e+07)
          (10976, 3.58556e+07)
          (21952, 4.01828e+07)
          (43904, 4.08048e+07)
          (87808, 3.42386e+07)
          (175616, 3.23051e+07)
          (351232, 3.65261e+07)
          (702464, 4.12612e+07)
          (1404928, 4.09546e+07)
       };
       \addlegendentry{p=6, q=8}
    \end{axis}
 \end{tikzpicture}
