
4d mesh mass operator. 
Orders: 0-6
Quad pts: order + 2

 \begin{tikzpicture}[scale=0.9]
    \begin{axis}[
       title={4D Mass Operator Application Performance},
       xlabel={Number of dofs},
       ylabel={Throughput [DoF/s]},
       legend pos=outer north east,
       grid=major,
       xmode = log,
       ymode = log,
       cycle list name=color list,
       ]
       \addplot
       coordinates {
          (1, 11345.3)
          (2, 1134.61)
          (4, 80007.8)
          (8, 163869)
          (16, 324317)
          (32, 638276)
          (64, 1.09909e+06)
          (128, 1.94675e+06)
          (256, 3.0105e+06)
          (512, 4.13594e+06)
          (1024, 5.15023e+06)
          (2048, 5.75427e+06)
          (4096, 6.13082e+06)
          (8192, 8.24516e+06)
          (16384, 1.26926e+07)
          (32768, 1.23765e+07)
          (65536, 2.10404e+07)
          (131072, 1.96638e+07)
          (262144, 2.60732e+07)
          (524288, 2.5603e+07)
          (1048576, 2.59715e+07)
       };
       \addlegendentry{p=0, q=2}
       \addplot
       coordinates {
          (16, 1.41108e+06)
          (32, 1.81139e+06)
          (64, 3.77277e+06)
          (128, 7.3208e+06)
          (256, 1.11237e+07)
          (512, 1.75747e+07)
          (1024, 2.199e+07)
          (2048, 2.52469e+07)
          (4096, 2.69262e+07)
          (8192, 2.7936e+07)
          (16384, 2.86762e+07)
          (32768, 2.90426e+07)
          (65536, 2.9162e+07)
          (131072, 2.91972e+07)
          (262144, 2.92123e+07)
          (524288, 2.81499e+07)
          (1048576, 2.89959e+07)
       };
       \addlegendentry{p=1, q=3}
       \addplot
       coordinates {
          (81, 5.92576e+06)
          (162, 4.61071e+06)
          (324, 8.71433e+06)
          (648, 1.79413e+07)
          (1296, 2.17921e+07)
          (2592, 3.10309e+07)
          (5184, 3.26931e+07)
          (10368, 3.47256e+07)
          (20736, 3.55611e+07)
          (41472, 3.60859e+07)
          (82944, 3.63089e+07)
          (165888, 3.64583e+07)
          (331776, 3.64902e+07)
          (663552, 3.61536e+07)
          (1327104, 3.6169e+07)
       };
       \addlegendentry{p=2, q=4}
       \addplot
       coordinates {
          (256, 9.79382e+06)
          (512, 5.53712e+06)
          (1024, 1.10003e+07)
          (2048, 2.14331e+07)
          (4096, 2.37684e+07)
          (8192, 3.241e+07)
          (16384, 3.34228e+07)
          (32768, 3.39303e+07)
          (65536, 3.39882e+07)
          (131072, 3.42524e+07)
          (262144, 3.29696e+07)
          (524288, 3.2233e+07)
          (1048576, 3.42166e+07)
       };
       \addlegendentry{p=3, q=5}
       \addplot
       coordinates {
          (625, 3.14991e+06)
          (1250, 5.66288e+06)
          (2500, 1.12682e+07)
          (5000, 2.24619e+07)
          (10000, 2.34136e+07)
          (20000, 3.00662e+07)
          (40000, 3.1937e+07)
          (80000, 3.19167e+07)
          (160000, 3.21346e+07)
          (320000, 3.21449e+07)
          (640000, 3.17346e+07)
          (1280000, 3.21198e+07)
       };
       \addlegendentry{p=4, q=6}
       \addplot
       coordinates {
          (1296, 1.10537e+07)
          (2592, 5.36845e+06)
          (5184, 1.06424e+07)
          (10368, 2.14512e+07)
          (20736, 2.15503e+07)
          (41472, 2.87187e+07)
          (82944, 2.89243e+07)
          (165888, 2.87169e+07)
          (331776, 2.65134e+07)
          (663552, 2.89665e+07)
          (1327104, 2.83558e+07)
       };
       \addlegendentry{p=5, q=7}
       \addplot
       coordinates {
          (2401, 9.725e+06)
          (4802, 3.83908e+06)
          (9604, 7.46776e+06)
          (19208, 1.4612e+07)
          (38416, 1.41048e+07)
          (76832, 1.84439e+07)
          (153664, 1.84629e+07)
          (307328, 1.81322e+07)
          (614656, 1.80354e+07)
          (1229312, 1.84318e+07)
       };
       \addlegendentry{p=6, q=8}
    \end{axis}
 \end{tikzpicture}
