
3d mesh advection operator. 
Orders: 0-6
Quad pts: order + 2

 \begin{tikzpicture}[scale=0.9]
    \begin{axis}[
       title={3D Advection Operator Application Performance},
       xlabel={Number of dofs},
       ylabel={Throughput [DoF/s]},
       legend pos=outer north east,
       grid=major,
       xmode = log,
       ymode = log,
       cycle list name=color list,
       ]
       \addplot
       coordinates {
          (1, 11657.4)
          (2, 6290.92)
          (4, 5675.39)
          (8, 196241)
          (16, 188250)
          (32, 590048)
          (64, 884612)
          (128, 1.0932e+06)
          (256, 1.33533e+06)
          (512, 1.52763e+06)
          (1024, 2.26473e+06)
          (2048, 2.28568e+06)
          (4096, 2.29305e+06)
          (8192, 2.46762e+06)
          (16384, 4.56346e+06)
          (32768, 4.25622e+06)
          (65536, 4.53636e+06)
          (131072, 4.43484e+06)
          (262144, 4.50942e+06)
          (524288, 4.51929e+06)
          (1048576, 4.50496e+06)
       };
       \addlegendentry{p=0, q=2}
       \addplot
       coordinates {
          (8, 677622)
          (16, 866296)
          (32, 1.46731e+06)
          (64, 3.25783e+06)
          (128, 4.38876e+06)
          (256, 6.50481e+06)
          (512, 7.44822e+06)
          (1024, 8.31188e+06)
          (2048, 8.58276e+06)
          (4096, 8.67658e+06)
          (8192, 8.69211e+06)
          (16384, 4.15734e+06)
          (32768, 5.59705e+06)
          (65536, 8.78992e+06)
          (131072, 8.69692e+06)
          (262144, 8.63025e+06)
          (524288, 8.63596e+06)
          (1048576, 8.59353e+06)
       };
       \addlegendentry{p=1, q=3}
       \addplot
       coordinates {
          (27, 2.23457e+06)
          (54, 1.76901e+06)
          (108, 2.8847e+06)
          (216, 5.29195e+06)
          (432, 5.55799e+06)
          (864, 7.35536e+06)
          (1728, 7.34122e+06)
          (3456, 7.5802e+06)
          (6912, 7.52363e+06)
          (13824, 7.4651e+06)
          (27648, 7.45008e+06)
          (55296, 6.8384e+06)
          (110592, 7.30557e+06)
          (221184, 7.23959e+06)
          (442368, 7.18959e+06)
          (884736, 7.17894e+06)
          (1769472, 7.12338e+06)
       };
       \addlegendentry{p=2, q=4}
       \addplot
       coordinates {
          (64, 3.82649e+06)
          (128, 2.4761e+06)
          (256, 4.03015e+06)
          (512, 7.06324e+06)
          (1024, 6.81316e+06)
          (2048, 8.64008e+06)
          (4096, 8.46488e+06)
          (8192, 8.5942e+06)
          (16384, 8.38546e+06)
          (32768, 8.29161e+06)
          (65536, 8.2905e+06)
          (131072, 7.93517e+06)
          (262144, 7.96576e+06)
          (524288, 8.04582e+06)
          (1048576, 8.01128e+06)
       };
       \addlegendentry{p=3, q=5}
       \addplot
       coordinates {
          (125, 5.14854e+06)
          (250, 2.87723e+06)
          (500, 4.44628e+06)
          (1000, 7.92393e+06)
          (2000, 7.19401e+06)
          (4000, 8.94029e+06)
          (8000, 8.65572e+06)
          (16000, 8.74359e+06)
          (32000, 5.39807e+06)
          (64000, 8.40275e+06)
          (128000, 8.35604e+06)
          (256000, 8.23166e+06)
          (512000, 8.15709e+06)
          (1024000, 8.18899e+06)
       };
       \addlegendentry{p=4, q=6}
       \addplot
       coordinates {
          (216, 5.81469e+06)
          (432, 2.89016e+06)
          (864, 4.68169e+06)
          (1728, 8.07747e+06)
          (3456, 7.0218e+06)
          (6912, 8.73871e+06)
          (13824, 7.2653e+06)
          (27648, 5.35378e+06)
          (55296, 8.16286e+06)
          (110592, 8.03026e+06)
          (221184, 7.9753e+06)
          (442368, 7.78634e+06)
          (884736, 7.78803e+06)
          (1769472, 7.82467e+06)
       };
       \addlegendentry{p=5, q=7}
       \addplot
       coordinates {
          (343, 5.91282e+06)
          (686, 2.9417e+06)
          (1372, 4.70982e+06)
          (2744, 8.19256e+06)
          (5488, 7.02095e+06)
          (10976, 8.65723e+06)
          (21952, 8.31081e+06)
          (43904, 8.32019e+06)
          (87808, 7.59432e+06)
          (175616, 7.95722e+06)
          (351232, 7.91399e+06)
          (702464, 7.81157e+06)
          (1404928, 7.7492e+06)
       };
       \addlegendentry{p=6, q=8}
    \end{axis}
 \end{tikzpicture}
