
4d mesh advection operator. 
Orders: 0-6
Quad pts: order + 1

 \begin{tikzpicture}[scale=0.9]
    \begin{axis}[
       title={4D Advection Operator Application Performance},
       xlabel={Number of dofs},
       ylabel={Throughput [DoF/s]},
       legend pos=outer north east,
       grid=major,
       xmode = log,
       ymode = log,
       cycle list name=color list,
       ]
       \addplot
       coordinates {
          (1, 11673.6)
          (2, 3159.74)
          (4, 5852.91)
          (8, 167442)
          (16, 297588)
          (32, 570422)
          (64, 961844)
          (128, 1.65875e+06)
          (256, 2.31634e+06)
          (512, 2.97527e+06)
          (1024, 3.361e+06)
          (2048, 3.5383e+06)
          (4096, 4.8505e+06)
          (8192, 5.45394e+06)
          (16384, 4.05602e+06)
          (32768, 7.71222e+06)
          (65536, 1.02014e+07)
          (131072, 1.06097e+07)
          (262144, 1.02703e+07)
          (524288, 1.0424e+07)
          (1048576, 1.03645e+07)
       };
       \addlegendentry{p=0, q=1}
       \addplot
       coordinates {
          (16, 1.39714e+06)
          (32, 1.72758e+06)
          (64, 2.99303e+06)
          (128, 5.31642e+06)
          (256, 6.56037e+06)
          (512, 9.35555e+06)
          (1024, 1.01543e+07)
          (2048, 1.03062e+07)
          (4096, 1.01171e+07)
          (8192, 1.02024e+07)
          (16384, 9.97318e+06)
          (32768, 8.77103e+06)
          (65536, 8.86308e+06)
          (131072, 9.49572e+06)
          (262144, 9.16011e+06)
          (524288, 9.2788e+06)
          (1048576, 9.20203e+06)
       };
       \addlegendentry{p=1, q=2}
       \addplot
       coordinates {
          (81, 42811.2)
          (162, 3.44325e+06)
          (324, 5.2591e+06)
          (648, 8.98034e+06)
          (1296, 8.59043e+06)
          (2592, 1.01626e+07)
          (5184, 9.7816e+06)
          (10368, 9.30896e+06)
          (20736, 8.73715e+06)
          (41472, 8.79426e+06)
          (82944, 8.56826e+06)
          (165888, 8.08875e+06)
          (331776, 8.15131e+06)
          (663552, 8.15695e+06)
          (1327104, 7.98695e+06)
       };
       \addlegendentry{p=2, q=3}
       \addplot
       coordinates {
          (256, 7.96625e+06)
          (512, 3.6981e+06)
          (1024, 5.51143e+06)
          (2048, 9.13136e+06)
          (4096, 8.17046e+06)
          (8192, 9.38148e+06)
          (16384, 8.77388e+06)
          (32768, 8.31962e+06)
          (65536, 7.79582e+06)
          (131072, 7.58426e+06)
          (262144, 7.51258e+06)
          (524288, 7.33208e+06)
          (1048576, 7.19604e+06)
       };
       \addlegendentry{p=3, q=4}
       \addplot
       coordinates {
          (625, 8.92591e+06)
          (1250, 3.66511e+06)
          (2500, 5.52383e+06)
          (5000, 9.00775e+06)
          (10000, 7.98293e+06)
          (20000, 9.03324e+06)
          (40000, 8.44024e+06)
          (80000, 7.95022e+06)
          (160000, 7.32047e+06)
          (320000, 7.4157e+06)
          (640000, 7.21702e+06)
          (1280000, 7.03077e+06)
       };
       \addlegendentry{p=4, q=5}
       \addplot
       coordinates {
          (1296, 8.48696e+06)
          (2592, 3.27774e+06)
          (5184, 4.95848e+06)
          (10368, 8.10157e+06)
          (20736, 7.11672e+06)
          (41472, 7.58809e+06)
          (82944, 7.40843e+06)
          (165888, 6.85778e+06)
          (331776, 6.52426e+06)
          (663552, 6.54279e+06)
          (1327104, 6.36369e+06)
       };
       \addlegendentry{p=5, q=6}
       \addplot
       coordinates {
          (2401, 7.5756e+06)
          (4802, 2.67021e+06)
          (9604, 3.78812e+06)
          (19208, 5.94677e+06)
          (38416, 4.72693e+06)
          (76832, 5.91659e+06)
          (153664, 5.42185e+06)
          (307328, 5.23457e+06)
          (614656, 4.91007e+06)
          (1229312, 4.87249e+06)
       };
       \addlegendentry{p=6, q=7}
    \end{axis}
 \end{tikzpicture}
