
3d mesh advection operator. 
Orders: 0-6
Quad pts: order + 2

 \begin{tikzpicture}[scale=0.9]
    \begin{axis}[
       title={3D Advection Operator Application Performance},
       xlabel={Number of dofs},
       ylabel={Throughput [DoF/s]},
       legend pos=outer north east,
       grid=major,
       xmode = log,
       ymode = log,
       cycle list name=color list,
       ]
       \addplot
       coordinates {
          (1, 372093)
          (2, 827643)
          (4, 1.56128e+06)
          (8, 2.24561e+06)
          (16, 3.67478e+06)
          (32, 4.98753e+06)
          (64, 6.00038e+06)
          (128, 6.78937e+06)
          (256, 7.18627e+06)
          (512, 7.50222e+06)
          (1024, 5.65644e+06)
          (2048, 6.67678e+06)
          (4096, 7.01681e+06)
          (8192, 3.69315e+06)
          (16384, 7.56056e+06)
          (32768, 3.32667e+06)
          (65536, 7.52293e+06)
          (131072, 7.46151e+06)
          (262144, 7.49373e+06)
          (524288, 7.48345e+06)
          (1048576, 7.30981e+06)
       };
       \addlegendentry{p=0, q=2}
       \addplot
       coordinates {
          (8, 1.96923e+06)
          (16, 3.64009e+06)
          (32, 6.34732e+06)
          (64, 9.51107e+06)
          (128, 1.19075e+07)
          (256, 1.31148e+07)
          (512, 1.39168e+07)
          (1024, 1.40281e+07)
          (2048, 1.39386e+07)
          (4096, 1.41016e+07)
          (8192, 1.28989e+07)
          (16384, 1.35314e+07)
          (32768, 1.34741e+07)
          (65536, 1.33897e+07)
          (131072, 1.33117e+07)
          (262144, 1.01745e+07)
          (524288, 1.25321e+07)
          (1048576, 1.32823e+07)
       };
       \addlegendentry{p=1, q=3}
       \addplot
       coordinates {
          (27, 2.99318e+06)
          (54, 6.23089e+06)
          (108, 1.10305e+07)
          (216, 1.56863e+07)
          (432, 1.84821e+07)
          (864, 1.86233e+07)
          (1728, 1.6458e+07)
          (3456, 1.66546e+07)
          (6912, 1.65607e+07)
          (13824, 1.66722e+07)
          (27648, 1.64288e+07)
          (55296, 1.63159e+07)
          (110592, 1.64013e+07)
          (221184, 1.6349e+07)
          (442368, 1.62344e+07)
          (884736, 1.62395e+07)
          (1769472, 1.61841e+07)
       };
       \addlegendentry{p=2, q=4}
       \addplot
       coordinates {
          (64, 3.89875e+06)
          (128, 7.42072e+06)
          (256, 1.25266e+07)
          (512, 2.02953e+07)
          (1024, 2.20521e+07)
          (2048, 2.10782e+07)
          (4096, 1.94401e+07)
          (8192, 2.06142e+07)
          (16384, 2.01685e+07)
          (32768, 2.01616e+07)
          (65536, 8.25966e+06)
          (131072, 1.25802e+07)
          (262144, 1.08863e+07)
          (524288, 1.94976e+07)
          (1048576, 1.94129e+07)
       };
       \addlegendentry{p=3, q=5}
       \addplot
       coordinates {
          (125, 2.6895e+06)
          (250, 7.39875e+06)
          (500, 1.22517e+07)
          (1000, 2.03832e+07)
          (2000, 2.10399e+07)
          (4000, 1.76237e+07)
          (8000, 1.88051e+07)
          (16000, 1.70869e+07)
          (32000, 1.79122e+07)
          (64000, 1.79317e+07)
          (128000, 1.77564e+07)
          (256000, 1.74804e+07)
          (512000, 1.52856e+07)
          (1024000, 1.73742e+07)
       };
       \addlegendentry{p=4, q=6}
       \addplot
       coordinates {
          (216, 4.51397e+06)
          (432, 8.02519e+06)
          (864, 1.3133e+07)
          (1728, 2.21253e+07)
          (3456, 2.25189e+07)
          (6912, 2.06712e+07)
          (13824, 1.98982e+07)
          (27648, 1.95376e+07)
          (55296, 1.89905e+07)
          (110592, 1.90636e+07)
          (221184, 1.83762e+07)
          (442368, 1.85608e+07)
          (884736, 1.86511e+07)
          (1769472, 1.54229e+07)
       };
       \addlegendentry{p=5, q=7}
       \addplot
       coordinates {
          (343, 6.11169e+06)
          (686, 1.15828e+07)
          (1372, 1.76567e+07)
          (2744, 2.92252e+07)
          (5488, 3.00076e+07)
          (10976, 2.71893e+07)
          (21952, 2.56094e+07)
          (43904, 2.52713e+07)
          (87808, 2.37486e+07)
          (175616, 2.45988e+07)
          (351232, 2.41398e+07)
          (702464, 2.23099e+07)
          (1404928, 2.39057e+07)
       };
       \addlegendentry{p=6, q=8}
    \end{axis}
 \end{tikzpicture}
