
4d mesh advection operator. 
Orders: 0-6
Quad pts: order + 1

 \begin{tikzpicture}[scale=0.9]
    \begin{axis}[
       title={4D Advection Operator Application Performance},
       xlabel={Number of dofs},
       ylabel={Throughput [DoF/s]},
       legend pos=outer north east,
       grid=major,
       xmode = log,
       ymode = log,
       cycle list name=color list,
       ]
       \addplot
       coordinates {
          (1, 372093)
          (2, 1.07875e+06)
          (4, 2.2069e+06)
          (8, 2.70453e+06)
          (16, 4.83019e+06)
          (32, 7.79727e+06)
          (64, 1.12537e+07)
          (128, 1.24381e+07)
          (256, 1.38855e+07)
          (512, 1.47169e+07)
          (1024, 1.4819e+07)
          (2048, 1.46664e+07)
          (4096, 1.51559e+07)
          (8192, 1.51111e+07)
          (16384, 1.46168e+07)
          (32768, 4.19354e+06)
          (65536, 1.0834e+07)
          (131072, 1.4534e+07)
          (262144, 1.44731e+07)
          (524288, 1.4342e+07)
          (1048576, 1.43701e+07)
       };
       \addlegendentry{p=0, q=1}
       \addplot
       coordinates {
          (16, 3.97911e+06)
          (32, 5.42787e+06)
          (64, 1.13365e+07)
          (128, 1.47347e+07)
          (256, 1.84239e+07)
          (512, 1.1709e+07)
          (1024, 1.25555e+07)
          (2048, 1.80915e+07)
          (4096, 1.78841e+07)
          (8192, 1.72912e+07)
          (16384, 1.59599e+07)
          (32768, 1.63601e+07)
          (65536, 1.63087e+07)
          (131072, 8.77373e+06)
          (262144, 1.10634e+07)
          (524288, 1.51617e+07)
          (1048576, 1.51338e+07)
       };
       \addlegendentry{p=1, q=2}
       \addplot
       coordinates {
          (81, 1.05945e+07)
          (162, 1.19087e+07)
          (324, 1.59026e+07)
          (648, 2.18745e+07)
          (1296, 2.13564e+07)
          (2592, 1.98535e+07)
          (5184, 1.88604e+07)
          (10368, 1.57397e+07)
          (20736, 1.57025e+07)
          (41472, 1.52791e+07)
          (82944, 1.47659e+07)
          (165888, 1.42179e+07)
          (331776, 1.42288e+07)
          (663552, 1.399e+07)
          (1327104, 1.36707e+07)
       };
       \addlegendentry{p=2, q=3}
       \addplot
       coordinates {
          (256, 1.01559e+07)
          (512, 1.4182e+07)
          (1024, 2.22119e+07)
          (2048, 3.59579e+07)
          (4096, 3.47198e+07)
          (8192, 3.07552e+07)
          (16384, 3.09623e+07)
          (32768, 2.37745e+07)
          (65536, 2.71382e+07)
          (131072, 2.6219e+07)
          (262144, 2.54773e+07)
          (524288, 1.60674e+07)
          (1048576, 2.29509e+07)
       };
       \addlegendentry{p=3, q=4}
       \addplot
       coordinates {
          (625, 1.03955e+07)
          (1250, 1.30754e+07)
          (2500, 2.03815e+07)
          (5000, 3.24166e+07)
          (10000, 2.93395e+07)
          (20000, 2.48537e+07)
          (40000, 2.35806e+07)
          (80000, 2.21924e+07)
          (160000, 2.16024e+07)
          (320000, 2.0355e+07)
          (640000, 2.00442e+07)
          (1280000, 1.96948e+07)
       };
       \addlegendentry{p=4, q=5}
       \addplot
       coordinates {
          (1296, 9.82954e+06)
          (2592, 1.28509e+07)
          (5184, 1.91228e+07)
          (10368, 3.03284e+07)
          (20736, 2.82201e+07)
          (41472, 2.59494e+07)
          (82944, 2.42207e+07)
          (165888, 2.12372e+07)
          (331776, 2.06342e+07)
          (663552, 1.99792e+07)
          (1327104, 1.93897e+07)
       };
       \addlegendentry{p=5, q=6}
       \addplot
       coordinates {
          (2401, 7.29547e+06)
          (4802, 1.05592e+07)
          (9604, 1.62152e+07)
          (19208, 2.71529e+07)
          (38416, 2.4599e+07)
          (76832, 2.29122e+07)
          (153664, 2.14192e+07)
          (307328, 1.77221e+07)
          (614656, 1.36169e+07)
          (1229312, 1.80646e+07)
       };
       \addlegendentry{p=6, q=7}
    \end{axis}
 \end{tikzpicture}
