
3d mesh mass operator. 
Orders: 0-6
Quad pts: order + 2

 \begin{tikzpicture}[scale=0.9]
    \begin{axis}[
       title={3D Mass Operator Application Performance},
       xlabel={Number of dofs},
       ylabel={Throughput [DoF/s]},
       legend pos=outer north east,
       grid=major,
       xmode = log,
       ymode = log,
       cycle list name=color list,
       ]
       \addplot
       coordinates {
          (1, 384025)
          (2, 1.26302e+06)
          (4, 2.25925e+06)
          (8, 3.69259e+06)
          (16, 6.19435e+06)
          (32, 1.21905e+07)
          (64, 2.29267e+07)
          (128, 3.70103e+07)
          (256, 5.31948e+07)
          (512, 6.90353e+07)
          (1024, 7.97974e+07)
          (2048, 8.67686e+07)
          (4096, 9.14071e+07)
          (8192, 9.33827e+07)
          (16384, 9.45735e+07)
          (32768, 8.73372e+07)
          (65536, 8.14427e+07)
          (131072, 3.0647e+07)
          (262144, 4.83938e+07)
          (524288, 6.38328e+07)
          (1048576, 9.32878e+07)
       };
       \addlegendentry{p=0, q=2}
       \addplot
       coordinates {
          (8, 3.12195e+06)
          (16, 6.34795e+06)
          (32, 1.22888e+07)
          (64, 1.8963e+07)
          (128, 3.32122e+07)
          (256, 5.05729e+07)
          (512, 6.88403e+07)
          (1024, 8.15189e+07)
          (2048, 9.08587e+07)
          (4096, 9.65707e+07)
          (8192, 1.00649e+08)
          (16384, 1.03633e+08)
          (32768, 1.04099e+08)
          (65536, 1.0072e+08)
          (131072, 1.03344e+08)
          (262144, 1.01565e+08)
          (524288, 1.01798e+08)
          (1048576, 7.23848e+07)
       };
       \addlegendentry{p=1, q=3}
       \addplot
       coordinates {
          (27, 6.14195e+06)
          (54, 1.64059e+07)
          (108, 3.38824e+07)
          (216, 5.0087e+07)
          (432, 7.70878e+07)
          (864, 9.71332e+07)
          (1728, 1.13319e+08)
          (3456, 1.23618e+08)
          (6912, 1.31454e+08)
          (13824, 1.34656e+08)
          (27648, 1.37502e+08)
          (55296, 1.37197e+08)
          (110592, 2.18205e+07)
          (221184, 3.53214e+07)
          (442368, 4.76886e+07)
          (884736, 6.91824e+07)
          (1769472, 1.34519e+08)
       };
       \addlegendentry{p=2, q=4}
       \addplot
       coordinates {
          (64, 8.60562e+06)
          (128, 2.25889e+07)
          (256, 4.48493e+07)
          (512, 7.63268e+07)
          (1024, 1.00112e+08)
          (2048, 1.1802e+08)
          (4096, 1.28676e+08)
          (8192, 1.37352e+08)
          (16384, 1.41122e+08)
          (32768, 1.43086e+08)
          (65536, 1.44221e+08)
          (131072, 1.41621e+08)
          (262144, 1.41368e+08)
          (524288, 1.37944e+08)
          (1048576, 1.3722e+08)
       };
       \addlegendentry{p=3, q=5}
       \addplot
       coordinates {
          (125, 6.84182e+06)
          (250, 1.70462e+07)
          (500, 3.42384e+07)
          (1000, 6.43459e+07)
          (2000, 7.29528e+07)
          (4000, 7.77688e+07)
          (8000, 8.00372e+07)
          (16000, 8.22664e+07)
          (32000, 8.31302e+07)
          (64000, 8.30739e+07)
          (128000, 8.32405e+07)
          (256000, 8.34202e+07)
          (512000, 8.35245e+07)
          (1024000, 8.35378e+07)
       };
       \addlegendentry{p=4, q=6}
       \addplot
       coordinates {
          (216, 7.50795e+06)
          (432, 1.85982e+07)
          (864, 3.75334e+07)
          (1728, 7.16299e+07)
          (3456, 7.9187e+07)
          (6912, 8.17224e+07)
          (13824, 8.44686e+07)
          (27648, 8.50696e+07)
          (55296, 8.57097e+07)
          (110592, 8.57083e+07)
          (221184, 8.18055e+07)
          (442368, 8.45312e+07)
          (884736, 8.53214e+07)
          (1769472, 8.57229e+07)
       };
       \addlegendentry{p=5, q=7}
       \addplot
       coordinates {
          (343, 9.08164e+06)
          (686, 2.23555e+07)
          (1372, 4.48322e+07)
          (2744, 8.54762e+07)
          (5488, 9.15033e+07)
          (10976, 9.57432e+07)
          (21952, 9.68965e+07)
          (43904, 9.73575e+07)
          (87808, 9.85688e+07)
          (175616, 9.94397e+07)
          (351232, 9.74453e+07)
          (702464, 9.97187e+07)
          (1404928, 9.87894e+07)
       };
       \addlegendentry{p=6, q=8}
    \end{axis}
 \end{tikzpicture}
