
4d mesh mass operator. 
Orders: 0-6
Quad pts: order + 2

 \begin{tikzpicture}[scale=0.9]
    \begin{axis}[
       title={4D Mass Operator Application Performance},
       xlabel={Number of dofs},
       ylabel={Throughput [DoF/s]},
       legend pos=outer north east,
       grid=major,
       xmode = log,
       ymode = log,
       cycle list name=color list,
       ]
       \addplot
       coordinates {
          (1, 428541)
          (2, 1e+06)
          (4, 2.2069e+06)
          (8, 3.25468e+06)
          (16, 6.04801e+06)
          (32, 1.1907e+07)
          (64, 2.13333e+07)
          (128, 3.21689e+07)
          (256, 4.76279e+07)
          (512, 6.26952e+07)
          (1024, 7.15484e+07)
          (2048, 7.8271e+07)
          (4096, 8.09126e+07)
          (8192, 8.33834e+07)
          (16384, 8.38726e+07)
          (32768, 8.3525e+07)
          (65536, 8.34077e+07)
          (131072, 8.2792e+07)
          (262144, 3.63262e+07)
          (524288, 5.56959e+07)
          (1048576, 8.24057e+07)
       };
       \addlegendentry{p=0, q=2}
       \addplot
       coordinates {
          (16, 3.00019e+06)
          (32, 6.62115e+06)
          (64, 1.32423e+07)
          (128, 2.14083e+07)
          (256, 2.85126e+07)
          (512, 3.38994e+07)
          (1024, 3.71823e+07)
          (2048, 3.89806e+07)
          (4096, 3.99793e+07)
          (8192, 4.05566e+07)
          (16384, 4.07879e+07)
          (32768, 4.0895e+07)
          (65536, 4.06551e+07)
          (131072, 4.04306e+07)
          (262144, 3.51086e+07)
          (524288, 4.08096e+07)
          (1048576, 4.06083e+07)
       };
       \addlegendentry{p=1, q=3}
       \addplot
       coordinates {
          (81, 8.50796e+06)
          (162, 1.97368e+07)
          (324, 4.00841e+07)
          (648, 7.02173e+07)
          (1296, 8.46423e+07)
          (2592, 9.36924e+07)
          (5184, 9.95382e+07)
          (10368, 7.48179e+07)
          (20736, 1.04556e+08)
          (41472, 1.05644e+08)
          (82944, 1.04934e+08)
          (165888, 1.05082e+08)
          (331776, 1.03216e+08)
          (663552, 1.04878e+08)
          (1327104, 1.04009e+08)
       };
       \addlegendentry{p=2, q=4}
       \addplot
       coordinates {
          (256, 1.28948e+07)
          (512, 2.89486e+07)
          (1024, 5.82397e+07)
          (2048, 1.08991e+08)
          (4096, 1.19889e+08)
          (8192, 1.27384e+08)
          (16384, 1.30578e+08)
          (32768, 1.27477e+08)
          (65536, 1.33351e+08)
          (131072, 1.33058e+08)
          (262144, 1.33565e+08)
          (524288, 1.29012e+08)
          (1048576, 1.33221e+08)
       };
       \addlegendentry{p=3, q=5}
       \addplot
       coordinates {
          (625, 1.25528e+07)
          (1250, 2.82103e+07)
          (2500, 5.613e+07)
          (5000, 1.08899e+08)
          (10000, 1.14401e+08)
          (20000, 1.17538e+08)
          (40000, 1.16979e+08)
          (80000, 1.09629e+08)
          (160000, 1.20922e+08)
          (320000, 1.20926e+08)
          (640000, 1.15388e+08)
          (1280000, 1.19083e+08)
       };
       \addlegendentry{p=4, q=6}
       \addplot
       coordinates {
          (1296, 1.27377e+07)
          (2592, 2.74178e+07)
          (5184, 5.46072e+07)
          (10368, 1.074e+08)
          (20736, 1.10807e+08)
          (41472, 1.1251e+08)
          (82944, 1.12964e+08)
          (165888, 1.12792e+08)
          (331776, 5.67291e+07)
          (663552, 1.10564e+08)
          (1327104, 9.70616e+07)
       };
       \addlegendentry{p=5, q=7}
       \addplot
       coordinates {
          (2401, 1.20596e+07)
          (4802, 2.51508e+07)
          (9604, 4.93804e+07)
          (19208, 9.79425e+07)
          (38416, 9.74457e+07)
          (76832, 4.56106e+07)
          (153664, 3.9332e+07)
          (307328, 4.95068e+07)
          (614656, 5.26715e+07)
          (1229312, 7.49421e+07)
       };
       \addlegendentry{p=6, q=8}
    \end{axis}
 \end{tikzpicture}
