
3D Speed-of-Light operator benchmarks

\begin{tikzpicture}[scale=0.9]
  \begin{axis}[
    title={Volume Speed-of-Light Operator},
    xlabel={Number of DoFs},
    ylabel={Throughput [DoF/s]},
    legend pos=outer north east,
    grid=major, xmode=log, ymode=log, cycle list name=color list
  ]
       \addplot coordinates {
          (1, 444444)
          (2, 1.10375e+06)
          (4, 1.93986e+06)
          (8, 2.88704e+06)
          (16, 6.2439e+06)
          (32, 1.12954e+07)
          (64, 2.45776e+07)
          (128, 5.25128e+07)
          (256, 1.1275e+08)
          (512, 2.01456e+08)
          (1024, 3.9961e+08)
          (2048, 8.33028e+08)
          (4096, 1.21381e+09)
          (8192, 1.89061e+09)
          (16384, 2.93462e+09)
          (32768, 3.84578e+09)
          (65536, 4.33325e+09)
          (131072, 3.5347e+09)
          (262144, 3.05129e+09)
          (524288, 1.96772e+09)
          (1048576, 1.35925e+09)
       };\addlegendentry{vol p=0}
       \addplot coordinates {
          (8, 3.69259e+06)
          (16, 8.43882e+06)
          (32, 1.53588e+07)
          (64, 2.47774e+07)
          (128, 5.68889e+07)
          (256, 1.11717e+08)
          (512, 2.19413e+08)
          (1024, 4.09682e+08)
          (2048, 7.44727e+08)
          (4096, 1.25222e+09)
          (8192, 1.90889e+09)
          (16384, 3.1333e+09)
          (32768, 4.03323e+09)
          (65536, 3.61179e+09)
          (131072, 3.49153e+09)
          (262144, 3.94344e+09)
          (524288, 3.17374e+08)
          (1048576, 5.94967e+08)
       };\addlegendentry{vol p=1}
       \addplot coordinates {
          (27, 8.69845e+06)
          (54, 3.01423e+07)
          (108, 5.69771e+07)
          (216, 9.42614e+07)
          (432, 1.81895e+08)
          (864, 3.2402e+08)
          (1728, 5.38569e+08)
          (3456, 9.99277e+08)
          (6912, 1.52903e+09)
          (13824, 2.26493e+09)
          (27648, 2.92324e+09)
          (55296, 2.94928e+09)
          (110592, 3.21544e+09)
          (221184, 3.38564e+09)
          (442368, 2.15406e+09)
          (884736, 1.23854e+09)
          (1769472, 1.24624e+09)
       };\addlegendentry{vol p=2}
       \addplot coordinates {
          (64, 1.67869e+07)
          (128, 5.79579e+07)
          (256, 1.15916e+08)
          (512, 1.84804e+08)
          (1024, 3.17126e+08)
          (2048, 5.31396e+08)
          (4096, 7.50458e+08)
          (8192, 9.9303e+08)
          (16384, 1.18983e+09)
          (32768, 1.26951e+09)
          (65536, 1.3257e+09)
          (131072, 1.41388e+09)
          (262144, 1.44722e+09)
          (524288, 1.46227e+09)
          (1048576, 2.1626e+08)
       };\addlegendentry{vol p=3}
       \addplot coordinates {
          (125, 2.37169e+07)
          (250, 7.7918e+07)
          (500, 1.9516e+08)
          (1000, 2.54001e+08)
          (2000, 4.21053e+08)
          (4000, 9.4585e+08)
          (8000, 1.42222e+09)
          (16000, 1.66606e+09)
          (32000, 1.85518e+09)
          (64000, 2.27232e+09)
          (128000, 2.19518e+09)
          (256000, 2.83278e+09)
          (512000, 2.13548e+09)
          (1024000, 1.20811e+09)
       };\addlegendentry{vol p=4}
       \addplot coordinates {
          (216, 3.06775e+07)
          (432, 1.55929e+08)
          (864, 3.2402e+08)
          (1728, 4.48365e+08)
          (3456, 7.71601e+08)
          (6912, 1.20209e+09)
          (13824, 1.71471e+09)
          (27648, 1.95461e+09)
          (55296, 2.34275e+09)
          (110592, 2.50648e+09)
          (221184, 2.69341e+09)
          (442368, 2.66601e+09)
          (884736, 1.3391e+09)
          (1769472, 1.24826e+09)
       };\addlegendentry{vol p=5}
       \addplot coordinates {
          (343, 3.1724e+07)
          (686, 2.0079e+08)
          (1372, 3.89717e+08)
          (2744, 6.33279e+08)
          (5488, 1.03714e+09)
          (10976, 1.47586e+09)
          (21952, 1.82949e+09)
          (43904, 2.16601e+09)
          (87808, 2.33389e+09)
          (175616, 2.3976e+09)
          (351232, 2.29388e+09)
          (702464, 1.44839e+09)
          (1404928, 1.2652e+09)
       };\addlegendentry{vol p=6}
  \end{axis}
\end{tikzpicture}

\begin{tikzpicture}[scale=0.9]
  \begin{axis}[
    title={Face Read Speed-of-Light Operator},
    xlabel={Number of DoFs},
    ylabel={Throughput [DoF/s]},
    legend pos=outer north east,
    grid=major, xmode=log, ymode=log, cycle list name=color list
  ]
       \addplot coordinates {
          (1, 331016)
          (2, 1e+06)
          (4, 2.1097e+06)
          (8, 3.04762e+06)
          (16, 6.92042e+06)
          (32, 1.14634e+07)
          (64, 2.27556e+07)
          (128, 3.63533e+07)
          (256, 5.07836e+07)
          (512, 5.97991e+07)
          (1024, 7.31455e+07)
          (2048, 7.9346e+07)
          (4096, 8.5897e+07)
          (8192, 8.84871e+07)
          (16384, 8.85966e+07)
          (32768, 8.88267e+07)
          (65536, 8.67567e+07)
          (131072, 8.72186e+07)
          (262144, 8.77955e+07)
          (524288, 8.5889e+07)
          (1048576, 8.42875e+07)
       };\addlegendentry{read p=0}
       \addplot coordinates {
          (8, 3.76471e+06)
          (16, 7.91687e+06)
          (32, 1.24902e+07)
          (64, 2.27556e+07)
          (128, 3.84038e+07)
          (256, 7.49305e+07)
          (512, 1.05938e+08)
          (1024, 1.30388e+08)
          (2048, 1.44572e+08)
          (4096, 1.62898e+08)
          (8192, 1.64328e+08)
          (16384, 1.57958e+08)
          (32768, 1.63729e+08)
          (65536, 1.57712e+08)
          (131072, 1.55868e+08)
          (262144, 7.50925e+07)
          (524288, 1.41302e+08)
          (1048576, 1.47341e+08)
       };\addlegendentry{read p=1}
       \addplot coordinates {
          (27, 1.35e+07)
          (54, 2.88077e+07)
          (108, 5.4573e+07)
          (216, 7.68137e+07)
          (432, 1.31247e+08)
          (864, 1.97486e+08)
          (1728, 2.6085e+08)
          (3456, 3.31781e+08)
          (6912, 3.78325e+08)
          (13824, 4.12165e+08)
          (27648, 4.24694e+08)
          (55296, 4.31039e+08)
          (110592, 4.27465e+08)
          (221184, 4.42372e+08)
          (442368, 4.32198e+08)
          (884736, 4.3062e+08)
          (1769472, 4.06667e+08)
       };\addlegendentry{read p=2}
       \addplot coordinates {
          (64, 2.67168e+07)
          (128, 4.72674e+07)
          (256, 8.36055e+07)
          (512, 1.22885e+08)
          (1024, 1.59068e+08)
          (2048, 1.68048e+08)
          (4096, 1.77293e+08)
          (8192, 1.81633e+08)
          (16384, 1.81801e+08)
          (32768, 1.86081e+08)
          (65536, 1.80674e+08)
          (131072, 1.82789e+08)
          (262144, 1.75434e+08)
          (524288, 1.67989e+08)
          (1048576, 1.41762e+08)
       };\addlegendentry{read p=3}
       \addplot coordinates {
          (125, 6.18659e+07)
          (250, 8.21963e+07)
          (500, 1.34844e+08)
          (1000, 2e+08)
          (2000, 2.26963e+08)
          (4000, 2.30501e+08)
          (8000, 2.35159e+08)
          (16000, 2.33519e+08)
          (32000, 2.35306e+08)
          (64000, 2.39787e+08)
          (128000, 2.29325e+08)
          (256000, 1.42146e+08)
          (512000, 2.2961e+08)
          (1024000, 2.16991e+08)
       };\addlegendentry{read p=4}
       \addplot coordinates {
          (216, 9.34256e+07)
          (432, 1.4602e+08)
          (864, 2.38345e+08)
          (1728, 3.31797e+08)
          (3456, 3.83127e+08)
          (6912, 4.00232e+08)
          (13824, 4.06612e+08)
          (27648, 4.26334e+08)
          (55296, 4.25647e+08)
          (110592, 4.45921e+08)
          (221184, 4.38011e+08)
          (442368, 4.29418e+08)
          (884736, 3.99852e+08)
          (1769472, 4.12511e+08)
       };\addlegendentry{read p=5}
       \addplot coordinates {
          (343, 1.33854e+08)
          (686, 1.65481e+08)
          (1372, 2.533e+08)
          (2744, 3.55994e+08)
          (5488, 3.77961e+08)
          (10976, 3.65124e+08)
          (21952, 3.64494e+08)
          (43904, 3.36714e+08)
          (87808, 3.2799e+08)
          (175616, 3.4095e+08)
          (351232, 2.23851e+08)
          (702464, 3.25457e+08)
          (1404928, 3.20871e+08)
       };\addlegendentry{read p=6}
  \end{axis}
\end{tikzpicture}

\begin{tikzpicture}[scale=0.9]
  \begin{axis}[
    title={Face Write Speed-of-Light Operator},
    xlabel={Number of DoFs},
    ylabel={Throughput [DoF/s]},
    legend pos=outer north east,
    grid=major, xmode=log, ymode=log, cycle list name=color list
  ]
       \addplot coordinates {
          (1, 539374)
          (2, 1.14286e+06)
          (4, 1.71453e+06)
          (8, 1.5361e+06)
          (16, 2.06465e+06)
          (32, 3.04183e+06)
          (64, 5.06971e+06)
          (128, 3.82821e+06)
          (256, 6.38699e+06)
          (512, 9.80345e+06)
          (1024, 1.36427e+07)
          (2048, 1.95212e+07)
          (4096, 3.77821e+07)
          (8192, 4.1767e+07)
          (16384, 4.21226e+07)
          (32768, 5.75222e+07)
          (65536, 5.77248e+07)
          (131072, 5.67957e+07)
          (262144, 5.52895e+07)
          (524288, 5.55962e+07)
          (1048576, 5.39183e+07)
       };\addlegendentry{write p=0}
       \addplot coordinates {
          (8, 516146)
          (16, 6.62115e+06)
          (32, 8.43993e+06)
          (64, 3.1221e+06)
          (128, 5.76395e+06)
          (256, 1.47169e+07)
          (512, 2.02616e+07)
          (1024, 2.48504e+07)
          (2048, 2.80483e+07)
          (4096, 3.1565e+07)
          (8192, 3.62797e+07)
          (16384, 3.38108e+07)
          (32768, 3.30402e+07)
          (65536, 5.17543e+07)
          (131072, 5.34057e+07)
          (262144, 6.06869e+07)
          (524288, 6.30017e+07)
          (1048576, 6.30721e+07)
       };\addlegendentry{write p=1}
       \addplot coordinates {
          (27, 1.13708e+07)
          (54, 1.70535e+07)
          (108, 1.81269e+07)
          (216, 1.6226e+07)
          (432, 2.58892e+07)
          (864, 2.61335e+07)
          (1728, 3.29944e+07)
          (3456, 3.5501e+07)
          (6912, 3.74231e+07)
          (13824, 4.05565e+07)
          (27648, 4.08323e+07)
          (55296, 4.13314e+07)
          (110592, 6.44086e+07)
          (221184, 6.6021e+07)
          (442368, 6.63202e+07)
          (884736, 7.57016e+07)
          (1769472, 6.88149e+07)
       };\addlegendentry{write p=2}
       \addplot coordinates {
          (64, 2.03465e+07)
          (128, 2.76757e+07)
          (256, 3.61429e+07)
          (512, 2.53899e+07)
          (1024, 1.31254e+07)
          (2048, 3.8888e+07)
          (4096, 4.1402e+07)
          (8192, 4.53926e+07)
          (16384, 4.65093e+07)
          (32768, 5.90214e+06)
          (65536, 1.8864e+07)
          (131072, 2.06756e+07)
          (262144, 3.07106e+07)
          (524288, 4.98268e+07)
          (1048576, 6.71233e+07)
       };\addlegendentry{write p=3}
       \addplot coordinates {
          (125, 3.24338e+07)
          (250, 3.58243e+07)
          (500, 4.58905e+07)
          (1000, 3.08499e+07)
          (2000, 4.34018e+07)
          (4000, 4.32943e+07)
          (8000, 4.36486e+07)
          (16000, 4.97854e+07)
          (32000, 5.12881e+07)
          (64000, 5.05905e+07)
          (128000, 5.21602e+07)
          (256000, 5.33833e+07)
          (512000, 7.27475e+07)
          (1024000, 7.28234e+07)
       };\addlegendentry{write p=4}
       \addplot coordinates {
          (216, 4.24946e+07)
          (432, 4.431e+07)
          (864, 5.3037e+07)
          (1728, 3.27598e+07)
          (3456, 4.16092e+07)
          (6912, 4.35767e+07)
          (13824, 5.33215e+07)
          (27648, 1.79831e+07)
          (55296, 5.03183e+07)
          (110592, 5.63627e+07)
          (221184, 5.77056e+07)
          (442368, 5.81037e+07)
          (884736, 7.5725e+07)
          (1769472, 7.47479e+07)
       };\addlegendentry{write p=5}
       \addplot coordinates {
          (343, 4.53584e+07)
          (686, 4.73806e+07)
          (1372, 5.39839e+07)
          (2744, 3.64671e+07)
          (5488, 4.81693e+07)
          (10976, 4.90618e+07)
          (21952, 5.30455e+07)
          (43904, 5.27561e+07)
          (87808, 5.52598e+07)
          (175616, 5.55896e+07)
          (351232, 5.78094e+07)
          (702464, 5.99265e+07)
          (1404928, 7.45839e+07)
       };\addlegendentry{write p=6}
  \end{axis}
\end{tikzpicture}

\begin{tikzpicture}[scale=0.9]
  \begin{axis}[
    title={Global Face Speed-of-Light Operator},
    xlabel={Number of DoFs},
    ylabel={Throughput [DoF/s]},
    legend pos=south east,
    grid=major, xmode=log, ymode=log, cycle list name=color list
  ]
       \addplot coordinates {
          (1, 169621)
          (2, 338038)
          (4, 669064)
          (8, 1.32879e+06)
          (16, 1.62717e+06)
          (32, 2.87653e+06)
          (64, 6.07153e+06)
          (128, 1.01559e+07)
          (256, 1.89342e+07)
          (512, 2.34068e+07)
          (1024, 3.70424e+07)
          (2048, 5.27122e+07)
          (4096, 6.95499e+07)
          (8192, 7.79459e+07)
          (16384, 7.39931e+07)
          (32768, 8.71533e+07)
          (65536, 8.9583e+07)
          (131072, 9.01504e+07)
          (262144, 9.21197e+07)
          (524288, 7.17647e+07)
          (1048576, 7.89484e+07)
       };\addlegendentry{write p=0}
       \addplot coordinates {
          (8, 1.29733e+06)
          (16, 2.50176e+06)
          (32, 4.75589e+06)
          (64, 9.22589e+06)
          (128, 1.08746e+07)
          (256, 2.18654e+07)
          (512, 2.53378e+07)
          (1024, 3.63301e+07)
          (2048, 4.20845e+07)
          (4096, 4.98776e+07)
          (8192, 5.51756e+07)
          (16384, 5.47073e+07)
          (32768, 6.42753e+07)
          (65536, 6.44781e+07)
          (131072, 6.5848e+07)
          (262144, 6.8232e+07)
          (524288, 6.59897e+07)
          (1048576, 5.30381e+07)
       };\addlegendentry{write p=1}
       \addplot coordinates {
          (27, 4.87233e+06)
          (54, 8.75699e+06)
          (108, 1.31916e+07)
          (216, 2.21074e+07)
          (432, 2.71784e+07)
          (864, 3.85809e+07)
          (1728, 4.47164e+07)
          (3456, 5.21849e+07)
          (6912, 5.82299e+07)
          (13824, 5.94877e+07)
          (27648, 6.08431e+07)
          (55296, 6.50176e+07)
          (110592, 5.50522e+07)
          (221184, 7.00881e+07)
          (442368, 6.95785e+07)
          (884736, 6.74059e+07)
          (1769472, 7.14136e+07)
       };\addlegendentry{write p=2}
       \addplot coordinates {
          (64, 1.07789e+07)
          (128, 1.59174e+07)
          (256, 2.27566e+07)
          (512, 3.50601e+07)
          (1024, 4.2012e+07)
          (2048, 5.0107e+07)
          (4096, 5.53854e+07)
          (8192, 5.97259e+07)
          (16384, 5.97896e+07)
          (32768, 6.01577e+07)
          (65536, 6.50488e+07)
          (131072, 6.38908e+07)
          (262144, 6.82294e+07)
          (524288, 6.80808e+07)
          (1048576, 6.9402e+07)
       };\addlegendentry{write p=3}
       \addplot coordinates {
          (125, 2.23894e+07)
          (250, 2.54246e+07)
          (500, 3.25224e+07)
          (1000, 4.76213e+07)
          (2000, 5.46724e+07)
          (4000, 6.30577e+07)
          (8000, 6.40782e+07)
          (16000, 5.55102e+07)
          (32000, 6.7965e+07)
          (64000, 7.21147e+07)
          (128000, 7.18852e+07)
          (256000, 3.82022e+07)
          (512000, 4.0344e+07)
          (1024000, 3.53633e+07)
       };\addlegendentry{write p=4}
       \addplot coordinates {
          (216, 3.57527e+07)
          (432, 3.18537e+07)
          (864, 3.75677e+07)
          (1728, 3.9975e+07)
          (3456, 6.38304e+07)
          (6912, 7.29376e+07)
          (13824, 7.27696e+07)
          (27648, 7.3066e+07)
          (55296, 7.41085e+07)
          (110592, 5.94005e+07)
          (221184, 4.0606e+07)
          (442368, 7.37735e+07)
          (884736, 8.16683e+07)
          (1769472, 7.06642e+07)
       };\addlegendentry{write p=5}
       \addplot coordinates {
          (343, 6.45647e+07)
          (686, 3.90172e+07)
          (1372, 4.34143e+07)
          (2744, 5.97639e+07)
          (5488, 6.72549e+07)
          (10976, 7.04943e+07)
          (21952, 6.57525e+07)
          (43904, 7.43124e+07)
          (87808, 5.48143e+07)
          (175616, 7.1694e+07)
          (351232, 7.33985e+07)
          (702464, 7.29939e+07)
          (1404928, 8.02618e+07)
       };\addlegendentry{write p=6}
  \end{axis}
\end{tikzpicture}
