
3d mesh mass operator. 
Orders: 0-6
Quad pts: order + 2

 \begin{tikzpicture}[scale=0.9]
    \begin{axis}[
       title={3D Mass Operator Application Performance},
       xlabel={Number of dofs},
       ylabel={Throughput [DoF/s]},
       legend pos=outer north east,
       grid=major,
       xmode = log,
       ymode = log,
       cycle list name=color list,
       ]
       \addplot
       coordinates {
          (1, 5205.18)
          (2, 2729.85)
          (4, 21236.9)
          (8, 46482.5)
          (16, 97146.1)
          (32, 187873)
          (64, 81822.5)
          (128, 673483)
          (256, 1.41753e+06)
          (512, 2.7964e+06)
          (1024, 5.40717e+06)
          (2048, 9.27675e+06)
          (4096, 1.53577e+07)
          (8192, 2.12429e+07)
          (16384, 2.54693e+07)
          (32768, 3.69959e+07)
          (65536, 5.72654e+07)
          (131072, 9.11669e+07)
          (262144, 9.35686e+07)
          (524288, 9.8553e+07)
          (1048576, 9.88813e+07)
       };
       \addlegendentry{p=0, q=2}
       \addplot
       coordinates {
          (8, 51968.8)
          (16, 106139)
          (32, 213862)
          (64, 430300)
          (128, 864110)
          (256, 1.70879e+06)
          (512, 3.29883e+06)
          (1024, 6.07326e+06)
          (2048, 1.19284e+07)
          (4096, 2.0824e+07)
          (8192, 3.36002e+07)
          (16384, 4.75821e+07)
          (32768, 5.84521e+07)
          (65536, 6.98365e+07)
          (131072, 7.55958e+07)
          (262144, 5.48803e+07)
          (524288, 6.24086e+07)
          (1048576, 7.91716e+07)
       };
       \addlegendentry{p=1, q=3}
       \addplot
       coordinates {
          (27, 180744)
          (54, 370078)
          (108, 640268)
          (216, 1.36649e+06)
          (432, 2.72415e+06)
          (864, 5.41457e+06)
          (1728, 1.03722e+07)
          (3456, 1.83478e+07)
          (6912, 2.99674e+07)
          (13824, 4.30532e+07)
          (27648, 5.60697e+07)
          (55296, 6.59884e+07)
          (110592, 6.85892e+07)
          (221184, 7.6457e+07)
          (442368, 7.85804e+07)
          (884736, 7.99078e+07)
          (1769472, 8.03441e+07)
       };
       \addlegendentry{p=2, q=4}
       \addplot
       coordinates {
          (64, 431483)
          (128, 738041)
          (256, 1.56312e+06)
          (512, 3.10044e+06)
          (1024, 6.1397e+06)
          (2048, 1.22125e+07)
          (4096, 2.17106e+07)
          (8192, 3.49865e+07)
          (16384, 5.0893e+07)
          (32768, 3.39736e+07)
          (65536, 2.93517e+07)
          (131072, 5.30171e+07)
          (262144, 8.13148e+07)
          (524288, 9.75279e+07)
          (1048576, 9.20866e+07)
       };
       \addlegendentry{p=3, q=5}
       \addplot
       coordinates {
          (125, 877331)
          (250, 1.75833e+06)
          (500, 2.68534e+06)
          (1000, 5.0468e+06)
          (2000, 9.70133e+06)
          (4000, 1.83876e+07)
          (8000, 2.81425e+07)
          (16000, 3.76124e+07)
          (32000, 4.48085e+07)
          (64000, 5.09569e+07)
          (128000, 5.34274e+07)
          (256000, 5.6262e+07)
          (512000, 5.70998e+07)
          (1024000, 5.77487e+07)
       };
       \addlegendentry{p=4, q=6}
       \addplot
       coordinates {
          (216, 1.44567e+06)
          (432, 2.89722e+06)
          (864, 4.91706e+06)
          (1728, 8.34737e+06)
          (3456, 1.57843e+07)
          (6912, 2.98381e+07)
          (13824, 4.38089e+07)
          (27648, 5.68229e+07)
          (55296, 6.79058e+07)
          (110592, 7.48981e+07)
          (221184, 7.8788e+07)
          (442368, 5.88345e+07)
          (884736, 7.54064e+07)
          (1769472, 8.07667e+07)
       };
       \addlegendentry{p=5, q=7}
       \addplot
       coordinates {
          (343, 2.18305e+06)
          (686, 4.56153e+06)
          (1372, 6.10266e+06)
          (2744, 1.10551e+07)
          (5488, 2.08711e+07)
          (10976, 3.73561e+07)
          (21952, 5.03403e+07)
          (43904, 6.08605e+07)
          (87808, 6.83869e+07)
          (175616, 6.38758e+07)
          (351232, 7.47554e+07)
          (702464, 7.64576e+07)
          (1404928, 7.4127e+07)
       };
       \addlegendentry{p=6, q=8}
    \end{axis}
 \end{tikzpicture}
