
4d mesh advection operator. 
Orders: 0-6
Quad pts: order + 1

 \begin{tikzpicture}[scale=0.9]
    \begin{axis}[
       title={4D Advection Operator Application Performance},
       xlabel={Number of dofs},
       ylabel={Throughput [DoF/s]},
       legend pos=outer north east,
       grid=major,
       xmode = log,
       ymode = log,
       cycle list name=color list,
       ]
       \addplot
       coordinates {
          (1, 4140.79)
          (2, 9472.17)
          (4, 16944)
          (8, 42299.4)
          (16, 87885.7)
          (32, 179957)
          (64, 82199.5)
          (128, 603023)
          (256, 1.1634e+06)
          (512, 2.03083e+06)
          (1024, 3.7461e+06)
          (2048, 5.59619e+06)
          (4096, 7.3648e+06)
          (8192, 8.07215e+06)
          (16384, 1.19221e+07)
          (32768, 1.59769e+07)
          (65536, 1.62904e+07)
          (131072, 1.62547e+07)
          (262144, 1.62199e+07)
          (524288, 1.42862e+07)
          (1048576, 1.5065e+07)
       };
       \addlegendentry{p=0, q=1}
       \addplot
       coordinates {
          (16, 104861)
          (32, 211941)
          (64, 392083)
          (128, 765141)
          (256, 344999)
          (512, 2.75917e+06)
          (1024, 4.5e+06)
          (2048, 6.34218e+06)
          (4096, 8.20314e+06)
          (8192, 9.63534e+06)
          (16384, 1.0195e+07)
          (32768, 1.03604e+07)
          (65536, 9.99098e+06)
          (131072, 1.0127e+07)
          (262144, 9.99574e+06)
          (524288, 9.86872e+06)
          (1048576, 9.60535e+06)
       };
       \addlegendentry{p=1, q=2}
       \addplot
       coordinates {
          (81, 553863)
          (162, 1.17483e+06)
          (324, 1.39522e+06)
          (648, 2.26363e+06)
          (1296, 3.85839e+06)
          (2592, 2.91593e+06)
          (5184, 8.83619e+06)
          (10368, 9.45325e+06)
          (20736, 1.01461e+07)
          (41472, 1.04167e+07)
          (82944, 1.02638e+07)
          (165888, 9.9497e+06)
          (331776, 9.63732e+06)
          (663552, 9.61689e+06)
          (1327104, 9.45913e+06)
       };
       \addlegendentry{p=2, q=3}
       \addplot
       coordinates {
          (256, 1.71674e+06)
          (512, 3.11238e+06)
          (1024, 2.21317e+06)
          (2048, 3.78305e+06)
          (4096, 6.81648e+06)
          (8192, 1.18973e+07)
          (16384, 1.25855e+07)
          (32768, 1.27546e+07)
          (65536, 1.22434e+07)
          (131072, 1.21685e+07)
          (262144, 1.30092e+07)
          (524288, 1.2761e+07)
          (1048576, 1.23165e+07)
       };
       \addlegendentry{p=3, q=4}
       \addplot
       coordinates {
          (625, 3.45647e+06)
          (1250, 5.62986e+06)
          (2500, 3.16475e+06)
          (5000, 5.17266e+06)
          (10000, 8.71474e+06)
          (20000, 1.45099e+07)
          (40000, 1.45576e+07)
          (80000, 1.41896e+07)
          (160000, 1.43624e+07)
          (320000, 1.40019e+07)
          (640000, 1.36788e+07)
          (1280000, 1.33059e+07)
       };
       \addlegendentry{p=4, q=5}
       \addplot
       coordinates {
          (1296, 4.60538e+06)
          (2592, 7.81655e+06)
          (5184, 3.2256e+06)
          (10368, 5.23694e+06)
          (20736, 8.80577e+06)
          (41472, 1.45103e+07)
          (82944, 1.42336e+07)
          (165888, 1.26271e+07)
          (331776, 1.38239e+07)
          (663552, 1.32383e+07)
          (1327104, 1.30686e+07)
       };
       \addlegendentry{p=5, q=6}
       \addplot
       coordinates {
          (2401, 5.08642e+06)
          (4802, 8.00061e+06)
          (9604, 2.86814e+06)
          (19208, 4.77652e+06)
          (38416, 8.2531e+06)
          (76832, 1.34698e+07)
          (153664, 1.28648e+07)
          (307328, 1.1869e+07)
          (614656, 1.23189e+07)
          (1229312, 1.23894e+07)
       };
       \addlegendentry{p=6, q=7}
    \end{axis}
 \end{tikzpicture}
