
3D Speed-of-Light operator benchmarks

\begin{tikzpicture}[scale=0.9]
  \begin{axis}[
    title={Volume Speed-of-Light Operator},
    xlabel={Number of DoFs},
    ylabel={Throughput [DoF/s]},
    legend pos=outer north east,
    grid=major, xmode=log, ymode=log, cycle list name=color list
  ]
       \addplot coordinates {
          (1, 6724.3)
          (2, 10949.3)
          (4, 11808.9)
          (8, 55034.6)
          (16, 109905)
          (32, 213622)
          (64, 439251)
          (128, 897346)
          (256, 347416)
          (512, 3.51502e+06)
          (1024, 6.74451e+06)
          (2048, 1.35341e+07)
          (4096, 2.73555e+07)
          (8192, 5.37579e+07)
          (16384, 1.02142e+08)
          (32768, 1.57301e+08)
          (65536, 2.02072e+08)
          (131072, 2.32247e+08)
          (262144, 2.54117e+08)
          (524288, 2.50535e+08)
          (1048576, 2.28501e+08)
       };\addlegendentry{vol p=0}
       \addplot coordinates {
          (8, 53895.8)
          (16, 108947)
          (32, 218377)
          (64, 368227)
          (128, 870854)
          (256, 1.78235e+06)
          (512, 3.45751e+06)
          (1024, 7.00356e+06)
          (2048, 1.41146e+07)
          (4096, 2.84851e+07)
          (8192, 5.47698e+07)
          (16384, 1.13623e+08)
          (32768, 2.05316e+08)
          (65536, 3.94337e+08)
          (131072, 6.17194e+08)
          (262144, 8.14716e+08)
          (524288, 8.03413e+08)
          (1048576, 7.19504e+08)
       };\addlegendentry{vol p=1}
       \addplot coordinates {
          (27, 180168)
          (54, 361535)
          (108, 743347)
          (216, 1.46784e+06)
          (432, 2.96319e+06)
          (864, 5.01122e+06)
          (1728, 1.18053e+07)
          (3456, 2.30277e+07)
          (6912, 4.66774e+07)
          (13824, 9.43502e+07)
          (27648, 1.96338e+08)
          (55296, 3.74284e+08)
          (110592, 5.61333e+08)
          (221184, 7.53937e+08)
          (442368, 8.64887e+08)
          (884736, 7.34954e+08)
          (1769472, 7.30486e+08)
       };\addlegendentry{vol p=2}
       \addplot coordinates {
          (64, 433059)
          (128, 825189)
          (256, 1.73259e+06)
          (512, 3.50721e+06)
          (1024, 6.88969e+06)
          (2048, 1.39201e+07)
          (4096, 2.67063e+07)
          (8192, 5.18198e+07)
          (16384, 9.36375e+07)
          (32768, 1.60872e+08)
          (65536, 2.27241e+08)
          (131072, 3.36953e+08)
          (262144, 3.96117e+08)
          (524288, 4.24848e+08)
          (1048576, 4.47218e+08)
       };\addlegendentry{vol p=3}
       \addplot coordinates {
          (125, 854162)
          (250, 1.63628e+06)
          (500, 3.39428e+06)
          (1000, 7.04904e+06)
          (2000, 1.33843e+07)
          (4000, 2.73365e+07)
          (8000, 5.41979e+07)
          (16000, 1.03202e+08)
          (32000, 1.93922e+08)
          (64000, 3.59018e+08)
          (128000, 5.36277e+08)
          (256000, 8.93728e+08)
          (512000, 1.0475e+09)
          (1024000, 1.12277e+09)
       };\addlegendentry{vol p=4}
       \addplot coordinates {
          (216, 1.46193e+06)
          (432, 2.92121e+06)
          (864, 5.92675e+06)
          (1728, 1.15503e+07)
          (3456, 2.25558e+07)
          (6912, 4.55799e+07)
          (13824, 8.66872e+07)
          (27648, 1.51816e+08)
          (55296, 3.0863e+08)
          (110592, 5.26781e+08)
          (221184, 8.41325e+08)
          (442368, 1.15548e+09)
          (884736, 1.31983e+09)
          (1769472, 1.23202e+09)
       };\addlegendentry{vol p=5}
       \addplot coordinates {
          (343, 2.27408e+06)
          (686, 4.5641e+06)
          (1372, 8.96298e+06)
          (2744, 1.81354e+07)
          (5488, 3.6191e+07)
          (10976, 1.78589e+07)
          (21952, 1.29695e+08)
          (43904, 2.57646e+08)
          (87808, 4.57747e+08)
          (175616, 6.7351e+08)
          (351232, 1.08767e+09)
          (702464, 1.32571e+09)
          (1404928, 1.15322e+09)
       };\addlegendentry{vol p=6}
  \end{axis}
\end{tikzpicture}

\begin{tikzpicture}[scale=0.9]
  \begin{axis}[
    title={Face Read Speed-of-Light Operator},
    xlabel={Number of DoFs},
    ylabel={Throughput [DoF/s]},
    legend pos=outer north east,
    grid=major, xmode=log, ymode=log, cycle list name=color list
  ]
       \addplot coordinates {
          (1, 6651.23)
          (2, 13823.7)
          (4, 27300.4)
          (8, 45365.7)
          (16, 110547)
          (32, 217225)
          (64, 442233)
          (128, 880608)
          (256, 1.71241e+06)
          (512, 3.45155e+06)
          (1024, 6.66649e+06)
          (2048, 1.28327e+07)
          (4096, 2.45074e+07)
          (8192, 4.10935e+07)
          (16384, 6.26973e+07)
          (32768, 8.31667e+07)
          (65536, 8.03711e+07)
          (131072, 3.79565e+07)
          (262144, 4.03647e+07)
          (524288, 7.83239e+07)
          (1048576, 1.06172e+08)
       };\addlegendentry{read p=0}
       \addplot coordinates {
          (8, 54156.5)
          (16, 90365.5)
          (32, 221636)
          (64, 435542)
          (128, 856154)
          (256, 1.74957e+06)
          (512, 3.40732e+06)
          (1024, 6.80009e+06)
          (2048, 1.3258e+07)
          (4096, 2.44304e+07)
          (8192, 4.26134e+07)
          (16384, 6.84685e+07)
          (32768, 9.55728e+07)
          (65536, 1.15553e+08)
          (131072, 1.35974e+08)
          (262144, 1.44734e+08)
          (524288, 1.49305e+08)
          (1048576, 1.51266e+08)
       };\addlegendentry{read p=1}
       \addplot coordinates {
          (27, 184016)
          (54, 370520)
          (108, 684810)
          (216, 1.14805e+06)
          (432, 2.87584e+06)
          (864, 5.83139e+06)
          (1728, 1.13963e+07)
          (3456, 2.24468e+07)
          (6912, 4.13908e+07)
          (13824, 7.29479e+07)
          (27648, 1.19451e+08)
          (55296, 1.73798e+08)
          (110592, 2.1657e+08)
          (221184, 2.4914e+08)
          (442368, 2.68937e+08)
          (884736, 2.74767e+08)
          (1769472, 2.6446e+08)
       };\addlegendentry{read p=2}
       \addplot coordinates {
          (64, 280755)
          (128, 799973)
          (256, 1.6644e+06)
          (512, 3.19484e+06)
          (1024, 6.33696e+06)
          (2048, 1.23072e+07)
          (4096, 1.9273e+07)
          (8192, 3.6078e+07)
          (16384, 5.09896e+07)
          (32768, 6.26171e+07)
          (65536, 7.28198e+07)
          (131072, 7.80824e+07)
          (262144, 7.81239e+07)
          (524288, 8.02413e+07)
          (1048576, 7.49579e+07)
       };\addlegendentry{read p=3}
       \addplot coordinates {
          (125, 822177)
          (250, 1.69174e+06)
          (500, 2.57504e+06)
          (1000, 4.53494e+06)
          (2000, 8.27675e+06)
          (4000, 1.51269e+07)
          (8000, 2.18029e+07)
          (16000, 2.70974e+07)
          (32000, 2.93802e+07)
          (64000, 2.87301e+07)
          (128000, 3.01208e+07)
          (256000, 2.9805e+07)
          (512000, 2.88961e+07)
          (1024000, 2.89016e+07)
       };\addlegendentry{read p=4}
       \addplot coordinates {
          (216, 1.43892e+06)
          (432, 2.93504e+06)
          (864, 5.66802e+06)
          (1728, 1.11774e+07)
          (3456, 2.06201e+07)
          (6912, 4.28013e+07)
          (13824, 6.93786e+07)
          (27648, 1.35357e+08)
          (55296, 2.13542e+08)
          (110592, 2.93393e+08)
          (221184, 3.44849e+08)
          (442368, 3.3576e+08)
          (884736, 3.74342e+08)
          (1769472, 3.61315e+08)
       };\addlegendentry{read p=5}
       \addplot coordinates {
          (343, 2.29638e+06)
          (686, 4.72e+06)
          (1372, 7.25827e+06)
          (2744, 1.29435e+07)
          (5488, 2.34666e+07)
          (10976, 4.50759e+07)
          (21952, 6.50518e+07)
          (43904, 8.13768e+07)
          (87808, 9.12748e+07)
          (175616, 9.19285e+07)
          (351232, 9.67684e+07)
          (702464, 9.70212e+07)
          (1404928, 9.393e+07)
       };\addlegendentry{read p=6}
  \end{axis}
\end{tikzpicture}

\begin{tikzpicture}[scale=0.9]
  \begin{axis}[
    title={Face Write Speed-of-Light Operator},
    xlabel={Number of DoFs},
    ylabel={Throughput [DoF/s]},
    legend pos=outer north east,
    grid=major, xmode=log, ymode=log, cycle list name=color list
  ]
       \addplot coordinates {
          (1, 6851.42)
          (2, 13692)
          (4, 27596.5)
          (8, 23032.6)
          (16, 113797)
          (32, 220853)
          (64, 442607)
          (128, 711798)
          (256, 1.0669e+06)
          (512, 1.81591e+06)
          (1024, 617528)
          (2048, 4.42237e+06)
          (4096, 2.02371e+06)
          (8192, 6.21676e+06)
          (16384, 7.12185e+06)
          (32768, 8.15612e+06)
          (65536, 8.53318e+06)
          (131072, 1.03955e+07)
          (262144, 1.319e+07)
          (524288, 1.82017e+07)
          (1048576, 2.56623e+07)
       };\addlegendentry{write p=0}
       \addplot coordinates {
          (8, 53754.8)
          (16, 110837)
          (32, 219501)
          (64, 432521)
          (128, 855390)
          (256, 1.70228e+06)
          (512, 3.19716e+06)
          (1024, 5.61311e+06)
          (2048, 9.06288e+06)
          (4096, 1.32371e+07)
          (8192, 1.37852e+07)
          (16384, 2.16318e+07)
          (32768, 2.75787e+07)
          (65536, 3.1853e+07)
          (131072, 3.62448e+07)
          (262144, 3.93361e+07)
          (524288, 4.05557e+07)
          (1048576, 3.89096e+07)
       };\addlegendentry{write p=1}
       \addplot coordinates {
          (27, 178957)
          (54, 366347)
          (108, 707330)
          (216, 1.4645e+06)
          (432, 2.79565e+06)
          (864, 5.3554e+06)
          (1728, 9.02035e+06)
          (3456, 1.3691e+07)
          (6912, 1.8392e+07)
          (13824, 2.50284e+07)
          (27648, 2.86156e+07)
          (55296, 2.83661e+07)
          (110592, 3.82836e+07)
          (221184, 4.29827e+07)
          (442368, 3.97698e+07)
          (884736, 4.72737e+07)
          (1769472, 4.75357e+07)
       };\addlegendentry{write p=2}
       \addplot coordinates {
          (64, 432469)
          (128, 812044)
          (256, 1.63111e+06)
          (512, 3.29534e+06)
          (1024, 6.16441e+06)
          (2048, 1.06248e+07)
          (4096, 1.46928e+07)
          (8192, 2.22798e+07)
          (16384, 2.75734e+07)
          (32768, 3.24182e+07)
          (65536, 3.54017e+07)
          (131072, 3.82895e+07)
          (262144, 4.12748e+07)
          (524288, 4.36177e+07)
          (1048576, 4.59696e+07)
       };\addlegendentry{write p=3}
       \addplot coordinates {
          (125, 841553)
          (250, 1.72083e+06)
          (500, 3.13242e+06)
          (1000, 2.02947e+06)
          (2000, 3.70286e+06)
          (4000, 6.19065e+06)
          (8000, 6.80365e+06)
          (16000, 1.65632e+07)
          (32000, 1.44894e+07)
          (64000, 3.85318e+07)
          (128000, 4.04933e+07)
          (256000, 4.52813e+07)
          (512000, 4.81291e+07)
          (1024000, 4.92858e+07)
       };\addlegendentry{write p=4}
       \addplot coordinates {
          (216, 1.48905e+06)
          (432, 3.07188e+06)
          (864, 5.08899e+06)
          (1728, 9.14064e+06)
          (3456, 1.51498e+07)
          (6912, 2.40366e+07)
          (13824, 3.07078e+07)
          (27648, 3.73953e+07)
          (55296, 4.12317e+07)
          (110592, 4.55274e+07)
          (221184, 4.8717e+07)
          (442368, 5.24094e+07)
          (884736, 4.99464e+07)
          (1769472, 5.88497e+07)
       };\addlegendentry{write p=5}
       \addplot coordinates {
          (343, 2.35982e+06)
          (686, 4.74635e+06)
          (1372, 7.73237e+06)
          (2744, 1.17107e+07)
          (5488, 1.93374e+07)
          (10976, 2.77747e+07)
          (21952, 3.43381e+07)
          (43904, 4.28123e+07)
          (87808, 4.70549e+07)
          (175616, 5.20873e+07)
          (351232, 5.50345e+07)
          (702464, 5.8812e+07)
          (1404928, 5.94375e+07)
       };\addlegendentry{write p=6}
  \end{axis}
\end{tikzpicture}

\begin{tikzpicture}[scale=0.9]
  \begin{axis}[
    title={Global Face Speed-of-Light Operator},
    xlabel={Number of DoFs},
    ylabel={Throughput [DoF/s]},
    legend pos=south east,
    grid=major, xmode=log, ymode=log, cycle list name=color list
  ]
       \addplot coordinates {
          (1, 2302.98)
          (2, 4583.49)
          (4, 9204.46)
          (8, 18274.1)
          (16, 36479.6)
          (32, 73262.9)
          (64, 142433)
          (128, 287937)
          (256, 564310)
          (512, 1.10518e+06)
          (1024, 1.57652e+06)
          (2048, 3.11886e+06)
          (4096, 4.42825e+06)
          (8192, 5.83662e+06)
          (16384, 7.0804e+06)
          (32768, 7.82253e+06)
          (65536, 8.51399e+06)
          (131072, 8.65766e+06)
          (262144, 8.77088e+06)
          (524288, 9.93793e+06)
          (1048576, 1.58739e+07)
       };\addlegendentry{write p=0}
       \addplot coordinates {
          (8, 18134.6)
          (16, 34217.5)
          (32, 73691.8)
          (64, 146029)
          (128, 290693)
          (256, 578357)
          (512, 1.157e+06)
          (1024, 2.26308e+06)
          (2048, 4.28635e+06)
          (4096, 7.28611e+06)
          (8192, 1.16097e+07)
          (16384, 1.72428e+07)
          (32768, 2.3647e+07)
          (65536, 2.71961e+07)
          (131072, 1.58099e+07)
          (262144, 3.27486e+07)
          (524288, 3.58247e+07)
          (1048576, 3.7596e+07)
       };\addlegendentry{write p=1}
       \addplot coordinates {
          (27, 61116.5)
          (54, 124638)
          (108, 249209)
          (216, 491805)
          (432, 912128)
          (864, 1.92026e+06)
          (1728, 3.70698e+06)
          (3456, 6.92436e+06)
          (6912, 1.15424e+07)
          (13824, 1.81643e+07)
          (27648, 2.47538e+07)
          (55296, 3.08971e+07)
          (110592, 3.5774e+07)
          (221184, 3.11647e+07)
          (442368, 3.32006e+07)
          (884736, 4.1857e+07)
          (1769472, 3.93379e+07)
       };\addlegendentry{write p=2}
       \addplot coordinates {
          (64, 145299)
          (128, 293032)
          (256, 583580)
          (512, 1.09424e+06)
          (1024, 2.1396e+06)
          (2048, 4.27241e+06)
          (4096, 7.33907e+06)
          (8192, 1.27769e+07)
          (16384, 1.87599e+07)
          (32768, 2.41929e+07)
          (65536, 2.8619e+07)
          (131072, 2.94444e+07)
          (262144, 3.37233e+07)
          (524288, 3.64493e+07)
          (1048576, 4.04299e+07)
       };\addlegendentry{write p=3}
       \addplot coordinates {
          (125, 283892)
          (250, 575434)
          (500, 1.15902e+06)
          (1000, 1.78582e+06)
          (2000, 714186)
          (4000, 8.23024e+06)
          (8000, 4.28038e+06)
          (16000, 1.20007e+07)
          (32000, 2.94236e+07)
          (64000, 3.59256e+07)
          (128000, 3.44474e+07)
          (256000, 4.31372e+07)
          (512000, 4.50353e+07)
          (1024000, 4.76072e+07)
       };\addlegendentry{write p=4}
       \addplot coordinates {
          (216, 491239)
          (432, 991810)
          (864, 1.99057e+06)
          (1728, 3.5684e+06)
          (3456, 7.02549e+06)
          (6912, 1.20911e+07)
          (13824, 1.97748e+07)
          (27648, 3.00684e+07)
          (55296, 3.91208e+07)
          (110592, 4.73781e+07)
          (221184, 5.05229e+07)
          (442368, 5.14608e+07)
          (884736, 5.01379e+07)
          (1769472, 5.69236e+07)
       };\addlegendentry{write p=5}
       \addplot coordinates {
          (343, 726832)
          (686, 1.58826e+06)
          (1372, 3.23012e+06)
          (2744, 5.1232e+06)
          (5488, 1.0221e+07)
          (10976, 1.75807e+07)
          (21952, 2.57589e+07)
          (43904, 3.69991e+07)
          (87808, 4.45851e+07)
          (175616, 5.07771e+07)
          (351232, 5.46769e+07)
          (702464, 4.40374e+07)
          (1404928, 6.26871e+07)
       };\addlegendentry{write p=6}
  \end{axis}
\end{tikzpicture}
