
3d mesh advection operator. 
Orders: 0-6
Quad pts: order + 2

 \begin{tikzpicture}[scale=0.9]
    \begin{axis}[
       title={3D Advection Operator Application Performance},
       xlabel={Number of dofs},
       ylabel={Throughput [DoF/s]},
       legend pos=outer north east,
       grid=major,
       xmode = log,
       ymode = log,
       cycle list name=color list,
       ]
       \addplot
       coordinates {
          (1, 5784.32)
          (2, 6022.24)
          (4, 8335.67)
          (8, 53004.9)
          (16, 86102.8)
          (32, 206474)
          (64, 396488)
          (128, 168533)
          (256, 1.31272e+06)
          (512, 2.26586e+06)
          (1024, 3.36903e+06)
          (2048, 4.61632e+06)
          (4096, 5.44029e+06)
          (8192, 5.95448e+06)
          (16384, 6.27997e+06)
          (32768, 6.40592e+06)
          (65536, 7.83963e+06)
          (131072, 8.38586e+06)
          (262144, 8.61914e+06)
          (524288, 8.64377e+06)
          (1048576, 8.06525e+06)
       };
       \addlegendentry{p=0, q=2}
       \addplot
       coordinates {
          (8, 54746.2)
          (16, 100216)
          (32, 199606)
          (64, 382395)
          (128, 762904)
          (256, 1.4836e+06)
          (512, 2.54464e+06)
          (1024, 3.99707e+06)
          (2048, 5.46009e+06)
          (4096, 6.50501e+06)
          (8192, 7.35649e+06)
          (16384, 7.68401e+06)
          (32768, 6.55947e+06)
          (65536, 6.59654e+06)
          (131072, 7.36027e+06)
          (262144, 7.81103e+06)
          (524288, 7.78787e+06)
          (1048576, 7.7784e+06)
       };
       \addlegendentry{p=1, q=3}
       \addplot
       coordinates {
          (27, 182854)
          (54, 370829)
          (108, 600876)
          (216, 1.07007e+06)
          (432, 2.11701e+06)
          (864, 4.09332e+06)
          (1728, 6.09238e+06)
          (3456, 8.35058e+06)
          (6912, 1.00437e+07)
          (13824, 1.0225e+07)
          (27648, 1.07895e+07)
          (55296, 1.10326e+07)
          (110592, 1.06563e+07)
          (221184, 1.07243e+07)
          (442368, 1.06433e+07)
          (884736, 1.03743e+07)
          (1769472, 1.04329e+07)
       };
       \addlegendentry{p=2, q=4}
       \addplot
       coordinates {
          (64, 452228)
          (128, 924461)
          (256, 1.16099e+06)
          (512, 1.9146e+06)
          (1024, 3.6771e+06)
          (2048, 6.47662e+06)
          (4096, 9.19684e+06)
          (8192, 1.09272e+07)
          (16384, 9.83841e+06)
          (32768, 7.19531e+06)
          (65536, 1.01013e+07)
          (131072, 1.24423e+07)
          (262144, 1.24719e+07)
          (524288, 1.2497e+07)
          (1048576, 1.24731e+07)
       };
       \addlegendentry{p=3, q=5}
       \addplot
       coordinates {
          (125, 759935)
          (250, 1.61352e+06)
          (500, 1.41412e+06)
          (1000, 2.41619e+06)
          (2000, 4.35053e+06)
          (4000, 7.18364e+06)
          (8000, 8.55896e+06)
          (16000, 9.51066e+06)
          (32000, 9.70308e+06)
          (64000, 9.41172e+06)
          (128000, 9.51357e+06)
          (256000, 9.13863e+06)
          (512000, 9.2538e+06)
          (1024000, 9.22434e+06)
       };
       \addlegendentry{p=4, q=6}
       \addplot
       coordinates {
          (216, 1.22002e+06)
          (432, 2.4479e+06)
          (864, 2.01695e+06)
          (1728, 3.5637e+06)
          (3456, 6.30606e+06)
          (6912, 1.00845e+07)
          (13824, 1.20166e+07)
          (27648, 1.29218e+07)
          (55296, 1.29431e+07)
          (110592, 1.22256e+07)
          (221184, 1.25095e+07)
          (442368, 1.26825e+07)
          (884736, 1.24332e+07)
          (1769472, 1.25286e+07)
       };
       \addlegendentry{p=5, q=7}
       \addplot
       coordinates {
          (343, 1.97828e+06)
          (686, 3.86566e+06)
          (1372, 3.08895e+06)
          (2744, 5.42337e+06)
          (5488, 9.47826e+06)
          (10976, 1.45176e+07)
          (21952, 1.68884e+07)
          (43904, 1.63382e+07)
          (87808, 1.84353e+07)
          (175616, 1.77688e+07)
          (351232, 1.78431e+07)
          (702464, 1.71716e+07)
          (1404928, 1.69749e+07)
       };
       \addlegendentry{p=6, q=8}
    \end{axis}
 \end{tikzpicture}
