
4d mesh mass operator. 
Orders: 0-6
Quad pts: order + 2

 \begin{tikzpicture}[scale=0.9]
    \begin{axis}[
       title={4D Mass Operator Application Performance},
       xlabel={Number of dofs},
       ylabel={Throughput [DoF/s]},
       legend pos=outer north east,
       grid=major,
       xmode = log,
       ymode = log,
       cycle list name=color list,
       ]
       \addplot
       coordinates {
          (1, 5523.95)
          (2, 5846.85)
          (4, 8754.87)
          (8, 58786.3)
          (16, 99091.8)
          (32, 235655)
          (64, 468131)
          (128, 926102)
          (256, 355294)
          (512, 3.56556e+06)
          (1024, 7.28369e+06)
          (2048, 1.47884e+07)
          (4096, 2.64734e+07)
          (8192, 4.71735e+07)
          (16384, 8.20124e+07)
          (32768, 1.12421e+08)
          (65536, 1.3215e+08)
          (131072, 1.52334e+08)
          (262144, 1.64671e+08)
          (524288, 1.62009e+08)
          (1048576, 1.74418e+08)
       };
       \addlegendentry{p=0, q=2}
       \addplot
       coordinates {
          (16, 108389)
          (32, 221197)
          (64, 399059)
          (128, 658624)
          (256, 1.58293e+06)
          (512, 3.10963e+06)
          (1024, 5.63984e+06)
          (2048, 9.48071e+06)
          (4096, 1.43496e+07)
          (8192, 1.95786e+07)
          (16384, 2.36915e+07)
          (32768, 2.64763e+07)
          (65536, 2.81013e+07)
          (131072, 2.89021e+07)
          (262144, 2.9183e+07)
          (524288, 2.80806e+07)
          (1048576, 2.93806e+07)
       };
       \addlegendentry{p=1, q=3}
       \addplot
       coordinates {
          (81, 559617)
          (162, 1.133e+06)
          (324, 1.37421e+06)
          (648, 2.72609e+06)
          (1296, 5.53484e+06)
          (2592, 1.09793e+07)
          (5184, 1.60157e+07)
          (10368, 2.04452e+07)
          (20736, 2.41587e+07)
          (41472, 2.64328e+07)
          (82944, 2.77818e+07)
          (165888, 2.84783e+07)
          (331776, 2.67929e+07)
          (663552, 2.85243e+07)
          (1327104, 2.91263e+07)
       };
       \addlegendentry{p=2, q=4}
       \addplot
       coordinates {
          (256, 1.21881e+06)
          (512, 3.27036e+06)
          (1024, 4.53704e+06)
          (2048, 9.18108e+06)
          (4096, 8.80964e+06)
          (8192, 3.21567e+07)
          (16384, 2.90665e+07)
          (32768, 2.79463e+07)
          (65536, 4.954e+07)
          (131072, 3.31751e+07)
          (262144, 9.73353e+07)
          (524288, 9.97862e+07)
          (1048576, 1.00801e+08)
       };
       \addlegendentry{p=3, q=5}
       \addplot
       coordinates {
          (625, 3.71081e+06)
          (1250, 7.55265e+06)
          (2500, 7.61901e+06)
          (5000, 1.44936e+07)
          (10000, 2.92405e+07)
          (20000, 5.68233e+07)
          (40000, 7.28565e+07)
          (80000, 8.43163e+07)
          (160000, 9.2122e+07)
          (320000, 9.67604e+07)
          (640000, 9.86119e+07)
          (1280000, 9.97678e+07)
       };
       \addlegendentry{p=4, q=6}
       \addplot
       coordinates {
          (1296, 5.20722e+06)
          (2592, 1.16823e+07)
          (5184, 8.39573e+06)
          (10368, 1.66087e+07)
          (20736, 3.3256e+07)
          (41472, 6.60691e+07)
          (82944, 7.51098e+07)
          (165888, 8.10831e+07)
          (331776, 8.40518e+07)
          (663552, 8.01895e+07)
          (1327104, 8.11091e+07)
       };
       \addlegendentry{p=5, q=7}
       \addplot
       coordinates {
          (2401, 7.40512e+06)
          (4802, 1.49988e+07)
          (9604, 6.87278e+06)
          (19208, 1.35573e+07)
          (38416, 2.71689e+07)
          (76832, 5.38678e+07)
          (153664, 5.68537e+07)
          (307328, 5.8568e+07)
          (614656, 5.95908e+07)
          (1229312, 5.99117e+07)
       };
       \addlegendentry{p=6, q=8}
    \end{axis}
 \end{tikzpicture}
