
3D Speed-of-Light operator benchmarks

\begin{tikzpicture}[scale=0.9]
  \begin{axis}[
    title={Volume Speed-of-Light Operator},
    xlabel={Number of DoFs},
    ylabel={Throughput [DoF/s]},
    legend pos=outer north east,
    grid=major, xmode=log, ymode=log, cycle list name=color list
  ]
       \addplot coordinates {
          (1, 25911.9)
          (2, 27430.6)
          (4, 5667.1)
          (8, 223458)
          (16, 443635)
          (32, 892498)
          (64, 1.72362e+06)
          (128, 3.49742e+06)
          (256, 6.97781e+06)
          (512, 1.35033e+07)
          (1024, 2.53885e+07)
          (2048, 4.37245e+07)
          (4096, 6.67778e+07)
          (8192, 1.19346e+08)
          (16384, 1.90388e+08)
          (32768, 2.69214e+08)
          (65536, 2.54646e+08)
          (131072, 2.24909e+08)
          (262144, 2.42426e+08)
          (524288, 2.23311e+08)
          (1048576, 1.52095e+08)
       };\addlegendentry{vol p=0}
       \addplot coordinates {
          (8, 671717)
          (16, 1.40339e+06)
          (32, 2.65436e+06)
          (64, 5.32449e+06)
          (128, 1.04473e+07)
          (256, 2.03894e+07)
          (512, 4.03956e+07)
          (1024, 7.67033e+07)
          (2048, 1.37912e+08)
          (4096, 2.29355e+08)
          (8192, 3.87435e+08)
          (16384, 5.34768e+08)
          (32768, 6.43684e+08)
          (65536, 6.5463e+08)
          (131072, 7.44431e+08)
          (262144, 8.03098e+08)
          (524288, 8.28201e+08)
          (1048576, 8.16053e+08)
       };\addlegendentry{vol p=1}
       \addplot coordinates {
          (27, 2.233e+06)
          (54, 4.51602e+06)
          (108, 8.54503e+06)
          (216, 1.79302e+07)
          (432, 3.54489e+07)
          (864, 6.777e+07)
          (1728, 1.32116e+08)
          (3456, 2.4557e+08)
          (6912, 4.08118e+08)
          (13824, 6.20272e+08)
          (27648, 9.42618e+08)
          (55296, 1.28215e+09)
          (110592, 1.4062e+09)
          (221184, 1.04759e+09)
          (442368, 8.26022e+08)
          (884736, 5.25406e+08)
          (1769472, 7.57678e+08)
       };\addlegendentry{vol p=2}
       \addplot coordinates {
          (64, 5.36836e+06)
          (128, 1.03943e+07)
          (256, 2.10376e+07)
          (512, 4.03767e+07)
          (1024, 8.20626e+07)
          (2048, 1.40216e+08)
          (4096, 2.39951e+08)
          (8192, 3.76259e+08)
          (16384, 5.21447e+08)
          (32768, 6.00048e+08)
          (65536, 6.11783e+08)
          (131072, 5.97897e+08)
          (262144, 4.84415e+08)
          (524288, 4.25443e+08)
          (1048576, 4.01197e+08)
       };\addlegendentry{vol p=3}
       \addplot coordinates {
          (125, 1.02372e+07)
          (250, 1.97755e+07)
          (500, 3.77982e+07)
          (1000, 6.93265e+07)
          (2000, 1.37237e+08)
          (4000, 2.49554e+08)
          (8000, 4.06196e+08)
          (16000, 5.90294e+08)
          (32000, 7.66962e+08)
          (64000, 8.72864e+08)
          (128000, 9.95285e+08)
          (256000, 9.50461e+08)
          (512000, 9.17832e+08)
          (1024000, 9.29473e+08)
       };\addlegendentry{vol p=4}
       \addplot coordinates {
          (216, 1.73931e+07)
          (432, 3.67874e+07)
          (864, 6.07757e+07)
          (1728, 1.25682e+08)
          (3456, 2.38755e+08)
          (6912, 4.15196e+08)
          (13824, 5.85924e+08)
          (27648, 5.87852e+08)
          (55296, 8.19478e+08)
          (110592, 9.24697e+08)
          (221184, 9.91852e+08)
          (442368, 9.28799e+08)
          (884736, 9.46253e+08)
          (1769472, 8.68712e+08)
       };\addlegendentry{vol p=5}
       \addplot coordinates {
          (343, 2.78398e+07)
          (686, 4.90038e+07)
          (1372, 9.30801e+07)
          (2744, 1.80547e+08)
          (5488, 2.9501e+08)
          (10976, 4.9334e+08)
          (21952, 6.27728e+08)
          (43904, 8.18557e+08)
          (87808, 9.62258e+08)
          (175616, 1.03333e+09)
          (351232, 9.23619e+08)
          (702464, 9.26338e+08)
          (1404928, 9.13728e+08)
       };\addlegendentry{vol p=6}
  \end{axis}
\end{tikzpicture}

\begin{tikzpicture}[scale=0.9]
  \begin{axis}[
    title={Face Read Speed-of-Light Operator},
    xlabel={Number of DoFs},
    ylabel={Throughput [DoF/s]},
    legend pos=outer north east,
    grid=major, xmode=log, ymode=log, cycle list name=color list
  ]
       \addplot coordinates {
          (1, 84006.4)
          (2, 164356)
          (4, 339676)
          (8, 657262)
          (16, 1.26982e+06)
          (32, 2.52473e+06)
          (64, 4.89987e+06)
          (128, 9.19635e+06)
          (256, 1.64008e+07)
          (512, 2.76024e+07)
          (1024, 3.85535e+07)
          (2048, 4.81953e+07)
          (4096, 5.80522e+07)
          (8192, 6.70022e+07)
          (16384, 6.1514e+07)
          (32768, 6.05409e+07)
          (65536, 7.41423e+07)
          (131072, 7.34363e+07)
          (262144, 7.23635e+07)
          (524288, 7.0624e+07)
          (1048576, 7.04224e+07)
       };\addlegendentry{read p=0}
       \addplot coordinates {
          (8, 698598)
          (16, 1.37998e+06)
          (32, 2.66884e+06)
          (64, 5.29826e+06)
          (128, 1.04957e+07)
          (256, 1.75127e+07)
          (512, 3.56054e+07)
          (1024, 6.1226e+07)
          (2048, 8.87859e+07)
          (4096, 1.2458e+08)
          (8192, 1.4198e+08)
          (16384, 1.73657e+08)
          (32768, 1.89184e+08)
          (65536, 1.81963e+08)
          (131072, 1.79372e+08)
          (262144, 1.80269e+08)
          (524288, 1.40178e+08)
          (1048576, 1.22435e+08)
       };\addlegendentry{read p=1}
       \addplot coordinates {
          (27, 1.91609e+06)
          (54, 4.78769e+06)
          (108, 8.25918e+06)
          (216, 1.67124e+07)
          (432, 3.04773e+07)
          (864, 5.4768e+07)
          (1728, 8.49033e+07)
          (3456, 1.16949e+08)
          (6912, 1.44011e+08)
          (13824, 1.53994e+08)
          (27648, 1.67579e+08)
          (55296, 1.65963e+08)
          (110592, 1.68606e+08)
          (221184, 1.64351e+08)
          (442368, 1.62684e+08)
          (884736, 1.65151e+08)
          (1769472, 1.692e+08)
       };\addlegendentry{read p=2}
       \addplot coordinates {
          (64, 5.28916e+06)
          (128, 1.01947e+07)
          (256, 1.75628e+07)
          (512, 3.32775e+07)
          (1024, 5.27907e+07)
          (2048, 7.96874e+07)
          (4096, 1.00172e+08)
          (8192, 1.11288e+08)
          (16384, 1.08194e+08)
          (32768, 1.14703e+08)
          (65536, 1.06433e+08)
          (131072, 1.03194e+08)
          (262144, 1.01127e+08)
          (524288, 1.01746e+08)
          (1048576, 9.48304e+07)
       };\addlegendentry{read p=3}
       \addplot coordinates {
          (125, 1.07425e+07)
          (250, 1.88905e+07)
          (500, 3.17065e+07)
          (1000, 5.7766e+07)
          (2000, 8.58522e+07)
          (4000, 1.29178e+08)
          (8000, 1.52384e+08)
          (16000, 1.69154e+08)
          (32000, 1.94705e+08)
          (64000, 1.92959e+08)
          (128000, 1.86473e+08)
          (256000, 1.80871e+08)
          (512000, 1.78462e+08)
          (1024000, 1.44693e+08)
       };\addlegendentry{read p=4}
       \addplot coordinates {
          (216, 1.90453e+07)
          (432, 2.33381e+07)
          (864, 4.49977e+07)
          (1728, 7.90216e+07)
          (3456, 9.13764e+07)
          (6912, 1.36512e+08)
          (13824, 1.53963e+08)
          (27648, 1.66543e+08)
          (55296, 1.71252e+08)
          (110592, 1.70402e+08)
          (221184, 1.56595e+08)
          (442368, 6.36283e+07)
          (884736, 1.47407e+08)
          (1769472, 1.5611e+08)
       };\addlegendentry{read p=5}
       \addplot coordinates {
          (343, 2.92975e+07)
          (686, 3.98399e+07)
          (1372, 5.92883e+07)
          (2744, 8.94677e+07)
          (5488, 6.57225e+07)
          (10976, 1.43505e+08)
          (21952, 1.54428e+08)
          (43904, 1.68925e+08)
          (87808, 1.71579e+08)
          (175616, 1.68829e+08)
          (351232, 1.56864e+08)
          (702464, 1.53613e+08)
          (1404928, 1.52051e+08)
       };\addlegendentry{read p=6}
  \end{axis}
\end{tikzpicture}

\begin{tikzpicture}[scale=0.9]
  \begin{axis}[
    title={Face Write Speed-of-Light Operator},
    xlabel={Number of DoFs},
    ylabel={Throughput [DoF/s]},
    legend pos=outer north east,
    grid=major, xmode=log, ymode=log, cycle list name=color list
  ]
       \addplot coordinates {
          (1, 84662.7)
          (2, 116736)
          (4, 327750)
          (8, 587714)
          (16, 889101)
          (32, 1.08757e+06)
          (64, 1.69122e+06)
          (128, 2.37356e+06)
          (256, 3.18566e+06)
          (512, 2.07086e+06)
          (1024, 4.23079e+06)
          (2048, 5.23307e+06)
          (4096, 5.57664e+06)
          (8192, 6.01788e+06)
          (16384, 5.96363e+06)
          (32768, 6.53221e+06)
          (65536, 7.15548e+06)
          (131072, 9.42183e+06)
          (262144, 1.23353e+07)
          (524288, 1.85179e+07)
          (1048576, 2.40779e+07)
       };\addlegendentry{write p=0}
       \addplot coordinates {
          (8, 704274)
          (16, 1.41894e+06)
          (32, 2.35394e+06)
          (64, 4.11275e+06)
          (128, 5.85345e+06)
          (256, 7.57773e+06)
          (512, 9.92873e+06)
          (1024, 1.31182e+07)
          (2048, 1.58849e+07)
          (4096, 1.73849e+07)
          (8192, 1.79067e+07)
          (16384, 2.01526e+07)
          (32768, 2.21005e+07)
          (65536, 2.28495e+07)
          (131072, 2.50618e+07)
          (262144, 2.91444e+07)
          (524288, 3.42296e+07)
          (1048576, 3.41254e+07)
       };\addlegendentry{write p=1}
       \addplot coordinates {
          (27, 2.2308e+06)
          (54, 3.99943e+06)
          (108, 5.93178e+06)
          (216, 8.57833e+06)
          (432, 1.23082e+07)
          (864, 1.60783e+07)
          (1728, 1.7141e+07)
          (3456, 2.20919e+07)
          (6912, 2.30269e+07)
          (13824, 2.38544e+07)
          (27648, 2.47841e+07)
          (55296, 2.57833e+07)
          (110592, 2.74969e+07)
          (221184, 2.77639e+07)
          (442368, 2.99419e+07)
          (884736, 3.13404e+07)
          (1769472, 3.64355e+07)
       };\addlegendentry{write p=2}
       \addplot coordinates {
          (64, 5.30479e+06)
          (128, 7.67511e+06)
          (256, 1.08518e+07)
          (512, 1.42882e+07)
          (1024, 1.81358e+07)
          (2048, 2.17751e+07)
          (4096, 2.36752e+07)
          (8192, 2.70774e+07)
          (16384, 2.71911e+07)
          (32768, 2.78237e+07)
          (65536, 2.72308e+07)
          (131072, 2.76954e+07)
          (262144, 2.61001e+07)
          (524288, 3.21729e+07)
          (1048576, 3.80859e+07)
       };\addlegendentry{write p=3}
       \addplot coordinates {
          (125, 1.04694e+07)
          (250, 1.13247e+07)
          (500, 1.35363e+07)
          (1000, 1.85036e+07)
          (2000, 2.29847e+07)
          (4000, 2.52394e+07)
          (8000, 2.60142e+07)
          (16000, 2.86229e+07)
          (32000, 2.8716e+07)
          (64000, 2.85934e+07)
          (128000, 2.78572e+07)
          (256000, 2.95592e+07)
          (512000, 2.95179e+07)
          (1024000, 3.59161e+07)
       };\addlegendentry{write p=4}
       \addplot coordinates {
          (216, 1.71831e+07)
          (432, 1.46926e+07)
          (864, 1.87573e+07)
          (1728, 1.9044e+07)
          (3456, 2.58228e+07)
          (6912, 2.92457e+07)
          (13824, 2.8619e+07)
          (27648, 3.17831e+07)
          (55296, 3.08717e+07)
          (110592, 3.08976e+07)
          (221184, 3.15829e+07)
          (442368, 3.07485e+07)
          (884736, 3.68224e+07)
          (1769472, 4.76175e+07)
       };\addlegendentry{write p=5}
       \addplot coordinates {
          (343, 2.2955e+07)
          (686, 1.60235e+07)
          (1372, 1.99648e+07)
          (2744, 2.45488e+07)
          (5488, 2.74176e+07)
          (10976, 2.97032e+07)
          (21952, 2.99068e+07)
          (43904, 2.64999e+07)
          (87808, 1.59466e+07)
          (175616, 3.36684e+07)
          (351232, 3.33105e+07)
          (702464, 3.9508e+07)
          (1404928, 4.45084e+07)
       };\addlegendentry{write p=6}
  \end{axis}
\end{tikzpicture}

\begin{tikzpicture}[scale=0.9]
  \begin{axis}[
    title={Global Face Speed-of-Light Operator},
    xlabel={Number of DoFs},
    ylabel={Throughput [DoF/s]},
    legend pos=south east,
    grid=major, xmode=log, ymode=log, cycle list name=color list
  ]
       \addplot coordinates {
          (1, 450.061)
          (2, 59347.4)
          (4, 111850)
          (8, 229095)
          (16, 436325)
          (32, 802747)
          (64, 1.39159e+06)
          (128, 2.13997e+06)
          (256, 2.9666e+06)
          (512, 3.90239e+06)
          (1024, 4.70904e+06)
          (2048, 5.03357e+06)
          (4096, 6.00909e+06)
          (8192, 6.24128e+06)
          (16384, 6.48726e+06)
          (32768, 6.58714e+06)
          (65536, 6.48727e+06)
          (131072, 7.32938e+06)
          (262144, 1.03205e+07)
          (524288, 1.64624e+07)
          (1048576, 2.52358e+07)
       };\addlegendentry{write p=0}
       \addplot coordinates {
          (8, 232403)
          (16, 432048)
          (32, 899140)
          (64, 1.7497e+06)
          (128, 3.08479e+06)
          (256, 5.29076e+06)
          (512, 7.77744e+06)
          (1024, 1.03604e+07)
          (2048, 1.48152e+07)
          (4096, 1.52617e+07)
          (8192, 1.93248e+07)
          (16384, 6.74213e+06)
          (32768, 8.98041e+06)
          (65536, 2.35314e+07)
          (131072, 2.30574e+07)
          (262144, 2.97152e+07)
          (524288, 3.46772e+07)
          (1048576, 3.95243e+07)
       };\addlegendentry{write p=1}
       \addplot coordinates {
          (27, 796128)
          (54, 1.56642e+06)
          (108, 2.93377e+06)
          (216, 4.98157e+06)
          (432, 8.96398e+06)
          (864, 1.28287e+07)
          (1728, 1.75429e+07)
          (3456, 2.23913e+07)
          (6912, 2.49611e+07)
          (13824, 2.73732e+07)
          (27648, 3.01254e+07)
          (55296, 3.16633e+07)
          (110592, 1.2387e+07)
          (221184, 3.45608e+07)
          (442368, 3.51486e+07)
          (884736, 3.83212e+07)
          (1769472, 4.065e+07)
       };\addlegendentry{write p=2}
       \addplot coordinates {
          (64, 1.79663e+06)
          (128, 3.63424e+06)
          (256, 5.50614e+06)
          (512, 8.73679e+06)
          (1024, 1.51755e+07)
          (2048, 1.96904e+07)
          (4096, 2.3323e+07)
          (8192, 2.63214e+07)
          (16384, 2.79244e+07)
          (32768, 2.80893e+07)
          (65536, 2.76092e+07)
          (131072, 2.81402e+07)
          (262144, 2.91648e+07)
          (524288, 2.9029e+07)
          (1048576, 2.83035e+07)
       };\addlegendentry{write p=3}
       \addplot coordinates {
          (125, 3.68158e+06)
          (250, 6.82867e+06)
          (500, 8.49879e+06)
          (1000, 1.30227e+07)
          (2000, 2.04271e+07)
          (4000, 2.395e+07)
          (8000, 2.74049e+07)
          (16000, 3.0222e+07)
          (32000, 3.08479e+07)
          (64000, 3.05582e+07)
          (128000, 2.9325e+07)
          (256000, 3.01271e+07)
          (512000, 3.04939e+07)
          (1024000, 3.09699e+07)
       };\addlegendentry{write p=4}
       \addplot coordinates {
          (216, 5.88848e+06)
          (432, 1.11587e+07)
          (864, 1.09565e+07)
          (1728, 1.58328e+07)
          (3456, 2.44361e+07)
          (6912, 2.78043e+07)
          (13824, 3.18244e+07)
          (27648, 3.30575e+07)
          (55296, 3.39483e+07)
          (110592, 3.29472e+07)
          (221184, 3.40117e+07)
          (442368, 3.53931e+07)
          (884736, 3.49556e+07)
          (1769472, 4.179e+07)
       };\addlegendentry{write p=5}
       \addplot coordinates {
          (343, 1.00119e+07)
          (686, 1.28692e+07)
          (1372, 1.38776e+07)
          (2744, 1.75592e+07)
          (5488, 2.79042e+07)
          (10976, 3.00504e+07)
          (21952, 3.36689e+07)
          (43904, 2.49658e+07)
          (87808, 3.66156e+07)
          (175616, 3.68727e+07)
          (351232, 3.72085e+07)
          (702464, 3.61027e+07)
          (1404928, 4.51957e+07)
       };\addlegendentry{write p=6}
  \end{axis}
\end{tikzpicture}
