
3d mesh advection operator. 
Orders: 0-6
Quad pts: order + 2

 \begin{tikzpicture}[scale=0.9]
    \begin{axis}[
       title={3D Advection Operator Application Performance},
       xlabel={Number of dofs},
       ylabel={Throughput [DoF/s]},
       legend pos=outer north east,
       grid=major,
       xmode = log,
       ymode = log,
       cycle list name=color list,
       ]
       \addplot
       coordinates {
          (1, 3448.71)
          (2, 1332.89)
          (4, 97866.7)
          (8, 196822)
          (16, 305079)
          (32, 633301)
          (64, 859502)
          (128, 1.36878e+06)
          (256, 1.65139e+06)
          (512, 2.03147e+06)
          (1024, 1.59997e+06)
          (2048, 2.20282e+06)
          (4096, 2.25548e+06)
          (8192, 2.77876e+06)
          (16384, 4.4068e+06)
          (32768, 4.52192e+06)
          (65536, 4.34445e+06)
          (131072, 4.49255e+06)
          (262144, 4.49867e+06)
          (524288, 4.48381e+06)
          (1048576, 4.49369e+06)
       };
       \addlegendentry{p=0, q=2}
       \addplot
       coordinates {
          (8, 653271)
          (16, 851504)
          (32, 1.36025e+06)
          (64, 2.86932e+06)
          (128, 3.78486e+06)
          (256, 6.05025e+06)
          (512, 7.30644e+06)
          (1024, 8.02523e+06)
          (2048, 8.3353e+06)
          (4096, 8.49499e+06)
          (8192, 8.64639e+06)
          (16384, 8.31546e+06)
          (32768, 8.54334e+06)
          (65536, 8.61218e+06)
          (131072, 7.69443e+06)
          (262144, 8.52708e+06)
          (524288, 8.45279e+06)
          (1048576, 8.38753e+06)
       };
       \addlegendentry{p=1, q=3}
       \addplot
       coordinates {
          (27, 2.09676e+06)
          (54, 1.65893e+06)
          (108, 2.45789e+06)
          (216, 4.8099e+06)
          (432, 5.54755e+06)
          (864, 7.18556e+06)
          (1728, 7.12237e+06)
          (3456, 7.54965e+06)
          (6912, 7.42139e+06)
          (13824, 7.26016e+06)
          (27648, 7.3352e+06)
          (55296, 6.93191e+06)
          (110592, 7.20685e+06)
          (221184, 7.20093e+06)
          (442368, 7.10496e+06)
          (884736, 7.04494e+06)
          (1769472, 7.05284e+06)
       };
       \addlegendentry{p=2, q=4}
       \addplot
       coordinates {
          (64, 3.53653e+06)
          (128, 2.40797e+06)
          (256, 3.89594e+06)
          (512, 6.76702e+06)
          (1024, 6.76051e+06)
          (2048, 8.49614e+06)
          (4096, 8.32265e+06)
          (8192, 8.45525e+06)
          (16384, 8.32067e+06)
          (32768, 8.22163e+06)
          (65536, 7.55024e+06)
          (131072, 7.99e+06)
          (262144, 7.93922e+06)
          (524288, 7.96429e+06)
          (1048576, 7.87257e+06)
       };
       \addlegendentry{p=3, q=5}
       \addplot
       coordinates {
          (125, 4.79761e+06)
          (250, 2.71531e+06)
          (500, 4.41151e+06)
          (1000, 7.58538e+06)
          (2000, 7.12748e+06)
          (4000, 8.91798e+06)
          (8000, 8.62708e+06)
          (16000, 8.7299e+06)
          (32000, 8.50814e+06)
          (64000, 8.18057e+06)
          (128000, 8.10175e+06)
          (256000, 8.2738e+06)
          (512000, 8.11501e+06)
          (1024000, 8.15919e+06)
       };
       \addlegendentry{p=4, q=6}
       \addplot
       coordinates {
          (216, 5.32512e+06)
          (432, 2.87616e+06)
          (864, 4.67746e+06)
          (1728, 7.89421e+06)
          (3456, 6.97014e+06)
          (6912, 8.45718e+06)
          (13824, 8.29076e+06)
          (27648, 8.33598e+06)
          (55296, 8.13546e+06)
          (110592, 8.00553e+06)
          (221184, 7.9554e+06)
          (442368, 7.78353e+06)
          (884736, 7.7895e+06)
          (1769472, 7.80146e+06)
       };
       \addlegendentry{p=5, q=7}
       \addplot
       coordinates {
          (343, 5.47693e+06)
          (686, 2.91615e+06)
          (1372, 4.68413e+06)
          (2744, 8.13126e+06)
          (5488, 7.01522e+06)
          (10976, 8.62394e+06)
          (21952, 7.59184e+06)
          (43904, 8.29445e+06)
          (87808, 8.04557e+06)
          (175616, 7.63707e+06)
          (351232, 7.82275e+06)
          (702464, 7.73397e+06)
          (1404928, 7.70324e+06)
       };
       \addlegendentry{p=6, q=8}
    \end{axis}
 \end{tikzpicture}
