
3d mesh mass operator. 
Orders: 0-6
Quad pts: order + 2

 \begin{tikzpicture}[scale=0.9]
    \begin{axis}[
       title={3D Mass Operator Application Performance},
       xlabel={Number of dofs},
       ylabel={Throughput [DoF/s]},
       legend pos=outer north east,
       grid=major,
       xmode = log,
       ymode = log,
       cycle list name=color list,
       ]
       \addplot
       coordinates {
          (1, 11181.8)
          (2, 1196.97)
          (4, 83386.1)
          (8, 162793)
          (16, 333296)
          (32, 537802)
          (64, 1.18717e+06)
          (128, 2.21547e+06)
          (256, 3.22604e+06)
          (512, 5.11308e+06)
          (1024, 6.93827e+06)
          (2048, 8.11666e+06)
          (4096, 8.96487e+06)
          (8192, 1.15767e+07)
          (16384, 1.62841e+07)
          (32768, 1.90214e+07)
          (65536, 2.99115e+07)
          (131072, 3.74658e+07)
          (262144, 3.75121e+07)
          (524288, 3.50263e+07)
          (1048576, 3.79044e+07)
       };
       \addlegendentry{p=0, q=2}
       \addplot
       coordinates {
          (8, 664408)
          (16, 1.22777e+06)
          (32, 2.15747e+06)
          (64, 4.41775e+06)
          (128, 7.51023e+06)
          (256, 1.36155e+07)
          (512, 2.1227e+07)
          (1024, 2.78706e+07)
          (2048, 2.81487e+07)
          (4096, 3.66384e+07)
          (8192, 3.839e+07)
          (16384, 3.96977e+07)
          (32768, 3.99509e+07)
          (65536, 4.15492e+07)
          (131072, 4.19419e+07)
          (262144, 3.12701e+07)
          (524288, 4.14894e+07)
          (1048576, 4.10324e+07)
       };
       \addlegendentry{p=1, q=3}
       \addplot
       coordinates {
          (27, 2.29804e+06)
          (54, 3.04759e+06)
          (108, 5.71057e+06)
          (216, 1.14844e+07)
          (432, 1.77266e+07)
          (864, 2.61814e+07)
          (1728, 3.49096e+07)
          (3456, 4.01946e+07)
          (6912, 4.27783e+07)
          (13824, 4.459e+07)
          (27648, 4.53286e+07)
          (55296, 4.55987e+07)
          (110592, 4.56771e+07)
          (221184, 4.4156e+07)
          (442368, 4.45392e+07)
          (884736, 4.46784e+07)
          (1769472, 4.43768e+07)
       };
       \addlegendentry{p=2, q=4}
       \addplot
       coordinates {
          (64, 4.96091e+06)
          (128, 4.25853e+06)
          (256, 8.87744e+06)
          (512, 1.77238e+07)
          (1024, 2.32902e+07)
          (2048, 3.40093e+07)
          (4096, 3.80409e+07)
          (8192, 4.05282e+07)
          (16384, 4.18855e+07)
          (32768, 4.27972e+07)
          (65536, 4.192e+07)
          (131072, 4.34117e+07)
          (262144, 4.34131e+07)
          (524288, 4.33774e+07)
          (1048576, 4.14931e+07)
       };
       \addlegendentry{p=3, q=5}
       \addplot
       coordinates {
          (125, 5.20291e+06)
          (250, 5.92093e+06)
          (500, 1.13992e+07)
          (1000, 2.29071e+07)
          (2000, 2.36888e+07)
          (4000, 3.68975e+07)
          (8000, 4.07779e+07)
          (16000, 4.22099e+07)
          (32000, 4.31598e+07)
          (64000, 4.37759e+07)
          (128000, 4.41568e+07)
          (256000, 4.41489e+07)
          (512000, 4.41024e+07)
          (1024000, 4.32524e+07)
       };
       \addlegendentry{p=4, q=6}
       \addplot
       coordinates {
          (216, 9.4692e+06)
          (432, 6.37042e+06)
          (864, 1.25427e+07)
          (1728, 2.44382e+07)
          (3456, 2.78017e+07)
          (6912, 3.73289e+07)
          (13824, 3.93996e+07)
          (27648, 4.02716e+07)
          (55296, 4.09831e+07)
          (110592, 4.13484e+07)
          (221184, 4.13379e+07)
          (442368, 3.58064e+07)
          (884736, 4.11081e+07)
          (1769472, 4.13924e+07)
       };
       \addlegendentry{p=5, q=7}
       \addplot
       coordinates {
          (343, 390659)
          (686, 6.71756e+06)
          (1372, 1.33642e+07)
          (2744, 2.622e+07)
          (5488, 2.82942e+07)
          (10976, 3.72599e+07)
          (21952, 3.96646e+07)
          (43904, 4.05916e+07)
          (87808, 4.10428e+07)
          (175616, 3.9071e+07)
          (351232, 4.09825e+07)
          (702464, 4.11213e+07)
          (1404928, 4.07802e+07)
       };
       \addlegendentry{p=6, q=8}
    \end{axis}
 \end{tikzpicture}
