
3d mesh mass operator. 
Orders: 0-6
Quad pts: order + 2

 \begin{tikzpicture}[scale=0.9]
    \begin{axis}[
       title={3D Mass Operator Application Performance},
       xlabel={Number of dofs},
       ylabel={Throughput [DoF/s]},
       legend pos=outer north east,
       grid=major,
       xmode = log,
       ymode = log,
       cycle list name=color list,
       ]
       \addplot
       coordinates {
          (1, 4232.86)
          (2, 2907.87)
          (4, 21241.7)
          (8, 43543.8)
          (16, 90297.9)
          (32, 169355)
          (64, 78013.7)
          (128, 389818)
          (256, 1.1882e+06)
          (512, 2.00288e+06)
          (1024, 3.01816e+06)
          (2048, 5.26506e+06)
          (4096, 6.38342e+06)
          (8192, 8.89523e+06)
          (16384, 9.99822e+06)
          (32768, 1.2253e+07)
          (65536, 1.25488e+07)
          (131072, 2.46763e+07)
          (262144, 2.4837e+07)
          (524288, 2.52301e+07)
          (1048576, 2.54859e+07)
       };
       \addlegendentry{p=0, q=2}
       \addplot
       coordinates {
          (8, 54643.6)
          (16, 111273)
          (32, 217575)
          (64, 429870)
          (128, 846093)
          (256, 1.61006e+06)
          (512, 3.02189e+06)
          (1024, 5.26038e+06)
          (2048, 8.42676e+06)
          (4096, 1.18912e+07)
          (8192, 8.61479e+06)
          (16384, 1.68937e+07)
          (32768, 1.88509e+07)
          (65536, 1.79372e+07)
          (131072, 1.77403e+07)
          (262144, 1.9544e+07)
          (524288, 1.8425e+07)
          (1048576, 1.98047e+07)
       };
       \addlegendentry{p=1, q=3}
       \addplot
       coordinates {
          (27, 176049)
          (54, 354207)
          (108, 679856)
          (216, 1.38348e+06)
          (432, 2.34604e+06)
          (864, 4.58009e+06)
          (1728, 7.50253e+06)
          (3456, 1.09764e+07)
          (6912, 1.40316e+07)
          (13824, 1.65106e+07)
          (27648, 1.80978e+07)
          (55296, 1.89222e+07)
          (110592, 1.95638e+07)
          (221184, 1.98647e+07)
          (442368, 2.00274e+07)
          (884736, 2.00099e+07)
          (1769472, 2.01303e+07)
       };
       \addlegendentry{p=2, q=4}
       \addplot
       coordinates {
          (64, 394620)
          (128, 780674)
          (256, 1.5845e+06)
          (512, 3.12849e+06)
          (1024, 5.45674e+06)
          (2048, 8.64437e+06)
          (4096, 1.28784e+07)
          (8192, 1.66268e+07)
          (16384, 1.96099e+07)
          (32768, 2.1609e+07)
          (65536, 2.32267e+07)
          (131072, 2.42403e+07)
          (262144, 2.50196e+07)
          (524288, 2.49363e+07)
          (1048576, 2.56871e+07)
       };
       \addlegendentry{p=3, q=5}
       \addplot
       coordinates {
          (125, 626356)
          (250, 1.24399e+06)
          (500, 2.47206e+06)
          (1000, 4.65813e+06)
          (2000, 7.05079e+06)
          (4000, 9.47405e+06)
          (8000, 1.13661e+07)
          (16000, 1.27107e+07)
          (32000, 1.35622e+07)
          (64000, 1.40221e+07)
          (128000, 1.40812e+07)
          (256000, 1.42382e+07)
          (512000, 1.43298e+07)
          (1024000, 1.44001e+07)
       };
       \addlegendentry{p=4, q=6}
       \addplot
       coordinates {
          (216, 1.0123e+06)
          (432, 2.02601e+06)
          (864, 4.04419e+06)
          (1728, 7.49535e+06)
          (3456, 1.1007e+07)
          (6912, 1.43489e+07)
          (13824, 1.72519e+07)
          (27648, 1.86479e+07)
          (55296, 1.95334e+07)
          (110592, 1.99634e+07)
          (221184, 1.91927e+07)
          (442368, 2.02143e+07)
          (884736, 2.01235e+07)
          (1769472, 2.02947e+07)
       };
       \addlegendentry{p=5, q=7}
       \addplot
       coordinates {
          (343, 1.33135e+06)
          (686, 2.70026e+06)
          (1372, 5.10782e+06)
          (2744, 9.0131e+06)
          (5488, 1.26415e+07)
          (10976, 1.51474e+07)
          (21952, 1.70694e+07)
          (43904, 1.82817e+07)
          (87808, 1.88553e+07)
          (175616, 1.91342e+07)
          (351232, 1.93713e+07)
          (702464, 1.92568e+07)
          (1404928, 1.91698e+07)
       };
       \addlegendentry{p=6, q=8}
    \end{axis}
 \end{tikzpicture}
