
3d mesh advection operator. 
Orders: 0-6
Quad pts: order + 2

 \begin{tikzpicture}[scale=0.9]
    \begin{axis}[
       title={3D Advection Operator Application Performance},
       xlabel={Number of dofs},
       ylabel={Throughput [DoF/s]},
       legend pos=outer north east,
       grid=major,
       xmode = log,
       ymode = log,
       cycle list name=color list,
       ]
       \addplot
       coordinates {
          (1, 6347.26)
          (2, 5415.27)
          (4, 2536.12)
          (8, 49250.6)
          (16, 97426.6)
          (32, 186183)
          (64, 334328)
          (128, 556381)
          (256, 848728)
          (512, 1.12501e+06)
          (1024, 1.35204e+06)
          (2048, 1.48908e+06)
          (4096, 2.48225e+06)
          (8192, 3.02024e+06)
          (16384, 3.19569e+06)
          (32768, 3.19476e+06)
          (65536, 3.22803e+06)
          (131072, 3.22584e+06)
          (262144, 3.2157e+06)
          (524288, 3.21355e+06)
          (1048576, 3.21608e+06)
       };
       \addlegendentry{p=0, q=2}
       \addplot
       coordinates {
          (8, 52231.1)
          (16, 103795)
          (32, 193127)
          (64, 382198)
          (128, 666810)
          (256, 998817)
          (512, 1.32618e+06)
          (1024, 1.69665e+06)
          (2048, 1.84231e+06)
          (4096, 1.93183e+06)
          (8192, 1.99861e+06)
          (16384, 1.98379e+06)
          (32768, 1.93553e+06)
          (65536, 1.97832e+06)
          (131072, 1.9475e+06)
          (262144, 1.945e+06)
          (524288, 1.94601e+06)
          (1048576, 1.93023e+06)
       };
       \addlegendentry{p=1, q=3}
       \addplot
       coordinates {
          (27, 153474)
          (54, 296685)
          (108, 575520)
          (216, 1.04328e+06)
          (432, 1.59267e+06)
          (864, 2.0988e+06)
          (1728, 2.34755e+06)
          (3456, 2.60704e+06)
          (6912, 2.7112e+06)
          (13824, 2.5404e+06)
          (27648, 2.6969e+06)
          (55296, 2.65789e+06)
          (110592, 2.61984e+06)
          (221184, 2.63712e+06)
          (442368, 2.62657e+06)
          (884736, 2.59236e+06)
          (1769472, 2.58315e+06)
       };
       \addlegendentry{p=2, q=4}
       \addplot
       coordinates {
          (64, 286519)
          (128, 526252)
          (256, 949402)
          (512, 1.87005e+06)
          (1024, 2.36418e+06)
          (2048, 2.7528e+06)
          (4096, 2.98544e+06)
          (8192, 3.11639e+06)
          (16384, 3.14131e+06)
          (32768, 2.74194e+06)
          (65536, 3.16491e+06)
          (131072, 3.1402e+06)
          (262144, 3.10061e+06)
          (524288, 3.10954e+06)
          (1048576, 3.10214e+06)
       };
       \addlegendentry{p=3, q=5}
       \addplot
       coordinates {
          (125, 422741)
          (250, 731331)
          (500, 1.18576e+06)
          (1000, 2.0606e+06)
          (2000, 2.23706e+06)
          (4000, 2.33469e+06)
          (8000, 2.32486e+06)
          (16000, 2.43915e+06)
          (32000, 2.38948e+06)
          (64000, 2.3255e+06)
          (128000, 2.3443e+06)
          (256000, 2.30638e+06)
          (512000, 2.27979e+06)
          (1024000, 2.27055e+06)
       };
       \addlegendentry{p=4, q=6}
       \addplot
       coordinates {
          (216, 639496)
          (432, 1.0934e+06)
          (864, 1.74091e+06)
          (1728, 3.01781e+06)
          (3456, 3.15903e+06)
          (6912, 2.84483e+06)
          (13824, 3.23525e+06)
          (27648, 3.29661e+06)
          (55296, 3.17858e+06)
          (110592, 3.18835e+06)
          (221184, 3.17685e+06)
          (442368, 3.12294e+06)
          (884736, 3.08677e+06)
          (1769472, 3.10525e+06)
       };
       \addlegendentry{p=5, q=7}
       \addplot
       coordinates {
          (343, 1.10155e+06)
          (686, 1.85785e+06)
          (1372, 2.65216e+06)
          (2744, 4.46489e+06)
          (5488, 4.64436e+06)
          (10976, 4.61536e+06)
          (21952, 4.51619e+06)
          (43904, 4.69093e+06)
          (87808, 4.35765e+06)
          (175616, 4.38739e+06)
          (351232, 4.36186e+06)
          (702464, 4.27024e+06)
          (1404928, 4.21545e+06)
       };
       \addlegendentry{p=6, q=8}
    \end{axis}
 \end{tikzpicture}
