
3D Speed-of-Light operator benchmarks

\begin{tikzpicture}[scale=0.9]
  \begin{axis}[
    title={Volume Speed-of-Light Operator},
    xlabel={Number of DoFs},
    ylabel={Throughput [DoF/s]},
    legend pos=outer north east,
    grid=major, xmode=log, ymode=log, cycle list name=color list
  ]
       \addplot coordinates {
          (1, 4580.55)
          (2, 5698.73)
          (4, 23072.7)
          (8, 47671.6)
          (16, 94394.1)
          (32, 163162)
          (64, 82099)
          (128, 749129)
          (256, 1.50098e+06)
          (512, 3.02656e+06)
          (1024, 5.08186e+06)
          (2048, 1.12586e+07)
          (4096, 2.17793e+07)
          (8192, 3.93632e+07)
          (16384, 6.76147e+07)
          (32768, 1.13322e+08)
          (65536, 1.37407e+08)
          (131072, 1.53479e+08)
          (262144, 2.12717e+08)
          (524288, 2.51251e+08)
          (1048576, 2.54731e+08)
       };\addlegendentry{vol p=0}
       \addplot coordinates {
          (8, 54346.2)
          (16, 109454)
          (32, 220528)
          (64, 439703)
          (128, 881803)
          (256, 1.76321e+06)
          (512, 3.4954e+06)
          (1024, 6.94438e+06)
          (2048, 1.3641e+07)
          (4096, 2.78354e+07)
          (8192, 5.39587e+07)
          (16384, 9.77544e+07)
          (32768, 1.81396e+08)
          (65536, 2.9894e+08)
          (131072, 4.30034e+08)
          (262144, 5.58961e+08)
          (524288, 6.47661e+08)
          (1048576, 7.07865e+08)
       };\addlegendentry{vol p=1}
       \addplot coordinates {
          (27, 183456)
          (54, 367789)
          (108, 743671)
          (216, 1.45089e+06)
          (432, 2.96248e+06)
          (864, 5.87937e+06)
          (1728, 1.16953e+07)
          (3456, 2.34501e+07)
          (6912, 4.58222e+07)
          (13824, 8.98107e+07)
          (27648, 1.63282e+08)
          (55296, 2.73202e+08)
          (110592, 3.39221e+08)
          (221184, 2.99886e+08)
          (442368, 2.70267e+08)
          (884736, 3.08092e+08)
          (1769472, 4.37344e+08)
       };\addlegendentry{vol p=2}
       \addplot coordinates {
          (64, 429062)
          (128, 840156)
          (256, 1.72814e+06)
          (512, 3.40768e+06)
          (1024, 6.70554e+06)
          (2048, 1.27603e+07)
          (4096, 2.29126e+07)
          (8192, 4.0121e+07)
          (16384, 6.20084e+07)
          (32768, 8.32146e+07)
          (65536, 1.00553e+08)
          (131072, 1.08495e+08)
          (262144, 1.04797e+08)
          (524288, 1.02913e+08)
          (1048576, 1.2112e+08)
       };\addlegendentry{vol p=3}
       \addplot coordinates {
          (125, 852347)
          (250, 1.66546e+06)
          (500, 3.39568e+06)
          (1000, 6.89319e+06)
          (2000, 1.33828e+07)
          (4000, 2.61553e+07)
          (8000, 4.99043e+07)
          (16000, 8.87198e+07)
          (32000, 1.53204e+08)
          (64000, 2.43072e+08)
          (128000, 3.10014e+08)
          (256000, 3.83028e+08)
          (512000, 4.13174e+08)
          (1024000, 4.2108e+08)
       };\addlegendentry{vol p=4}
       \addplot coordinates {
          (216, 1.3439e+06)
          (432, 2.71555e+06)
          (864, 5.80763e+06)
          (1728, 1.13685e+07)
          (3456, 2.23951e+07)
          (6912, 4.19129e+07)
          (13824, 7.79282e+07)
          (27648, 1.32281e+08)
          (55296, 2.11727e+08)
          (110592, 3.00594e+08)
          (221184, 3.52543e+08)
          (442368, 4.0396e+08)
          (884736, 4.33129e+08)
          (1769472, 4.42725e+08)
       };\addlegendentry{vol p=5}
       \addplot coordinates {
          (343, 2.28982e+06)
          (686, 4.55188e+06)
          (1372, 8.88807e+06)
          (2744, 1.76243e+07)
          (5488, 3.40447e+07)
          (10976, 6.39405e+07)
          (21952, 1.11805e+08)
          (43904, 1.7094e+08)
          (87808, 2.75439e+08)
          (175616, 3.48119e+08)
          (351232, 4.14796e+08)
          (702464, 4.50047e+08)
          (1404928, 4.72666e+08)
       };\addlegendentry{vol p=6}
  \end{axis}
\end{tikzpicture}

\begin{tikzpicture}[scale=0.9]
  \begin{axis}[
    title={Face Read Speed-of-Light Operator},
    xlabel={Number of DoFs},
    ylabel={Throughput [DoF/s]},
    legend pos=outer north east,
    grid=major, xmode=log, ymode=log, cycle list name=color list
  ]
       \addplot coordinates {
          (1, 6827.09)
          (2, 13957.6)
          (4, 27772.1)
          (8, 54358.3)
          (16, 109189)
          (32, 218573)
          (64, 424959)
          (128, 851566)
          (256, 1.65589e+06)
          (512, 3.21056e+06)
          (1024, 5.87144e+06)
          (2048, 9.94646e+06)
          (4096, 1.53955e+07)
          (8192, 2.09686e+07)
          (16384, 2.47692e+07)
          (32768, 2.8731e+07)
          (65536, 3.00923e+07)
          (131072, 2.95664e+07)
          (262144, 2.9618e+07)
          (524288, 3.02554e+07)
          (1048576, 3.0503e+07)
       };\addlegendentry{read p=0}
       \addplot coordinates {
          (8, 52839)
          (16, 109928)
          (32, 214151)
          (64, 430358)
          (128, 871547)
          (256, 1.67296e+06)
          (512, 2.99042e+06)
          (1024, 6.06935e+06)
          (2048, 1.0705e+07)
          (4096, 1.69588e+07)
          (8192, 2.42536e+07)
          (16384, 3.04486e+07)
          (32768, 3.45875e+07)
          (65536, 3.74232e+07)
          (131072, 3.85722e+07)
          (262144, 3.90551e+07)
          (524288, 3.78691e+07)
          (1048576, 3.83264e+07)
       };\addlegendentry{read p=1}
       \addplot coordinates {
          (27, 179951)
          (54, 367282)
          (108, 740801)
          (216, 1.45841e+06)
          (432, 2.85022e+06)
          (864, 5.52136e+06)
          (1728, 9.34097e+06)
          (3456, 1.82578e+07)
          (6912, 2.96898e+07)
          (13824, 4.17892e+07)
          (27648, 5.49907e+07)
          (55296, 6.27836e+07)
          (110592, 6.67607e+07)
          (221184, 7.03752e+07)
          (442368, 7.19589e+07)
          (884736, 7.17217e+07)
          (1769472, 6.79555e+07)
       };\addlegendentry{read p=2}
       \addplot coordinates {
          (64, 431896)
          (128, 832689)
          (256, 1.6326e+06)
          (512, 3.14299e+06)
          (1024, 5.64703e+06)
          (2048, 9.0182e+06)
          (4096, 1.27506e+07)
          (8192, 1.60001e+07)
          (16384, 1.82904e+07)
          (32768, 1.91337e+07)
          (65536, 1.99038e+07)
          (131072, 1.99078e+07)
          (262144, 1.80898e+07)
          (524288, 1.99539e+07)
          (1048576, 1.92268e+07)
       };\addlegendentry{read p=3}
       \addplot coordinates {
          (125, 838596)
          (250, 1.45882e+06)
          (500, 2.55095e+06)
          (1000, 4.49898e+06)
          (2000, 5.85291e+06)
          (4000, 6.65878e+06)
          (8000, 7.08365e+06)
          (16000, 7.51576e+06)
          (32000, 7.47043e+06)
          (64000, 6.54403e+06)
          (128000, 6.77533e+06)
          (256000, 7.18677e+06)
          (512000, 7.11004e+06)
          (1024000, 7.13706e+06)
       };\addlegendentry{read p=4}
       \addplot coordinates {
          (216, 1.43324e+06)
          (432, 2.81938e+06)
          (864, 5.59972e+06)
          (1728, 1.10023e+07)
          (3456, 2.02808e+07)
          (6912, 3.459e+07)
          (13824, 5.33805e+07)
          (27648, 7.63889e+07)
          (55296, 9.26886e+07)
          (110592, 1.03464e+08)
          (221184, 1.04947e+08)
          (442368, 1.07248e+08)
          (884736, 1.05173e+08)
          (1769472, 1.21717e+08)
       };\addlegendentry{read p=5}
       \addplot coordinates {
          (343, 2.25262e+06)
          (686, 4.04727e+06)
          (1372, 7.23918e+06)
          (2744, 1.28351e+07)
          (5488, 1.7074e+07)
          (10976, 2.08678e+07)
          (21952, 2.22295e+07)
          (43904, 2.36371e+07)
          (87808, 2.4312e+07)
          (175616, 2.37954e+07)
          (351232, 2.39213e+07)
          (702464, 2.35219e+07)
          (1404928, 2.31128e+07)
       };\addlegendentry{read p=6}
  \end{axis}
\end{tikzpicture}

\begin{tikzpicture}[scale=0.9]
  \begin{axis}[
    title={Face Write Speed-of-Light Operator},
    xlabel={Number of DoFs},
    ylabel={Throughput [DoF/s]},
    legend pos=outer north east,
    grid=major, xmode=log, ymode=log, cycle list name=color list
  ]
       \addplot coordinates {
          (1, 6800.53)
          (2, 13719.9)
          (4, 27939.4)
          (8, 53708.6)
          (16, 107621)
          (32, 215446)
          (64, 355899)
          (128, 750197)
          (256, 1.33573e+06)
          (512, 1.49039e+06)
          (1024, 961760)
          (2048, 3.75029e+06)
          (4096, 4.50953e+06)
          (8192, 5.42545e+06)
          (16384, 5.34818e+06)
          (32768, 5.74533e+06)
          (65536, 6.85688e+06)
          (131072, 8.47792e+06)
          (262144, 1.04426e+07)
          (524288, 1.38371e+07)
          (1048576, 1.56839e+07)
       };\addlegendentry{write p=0}
       \addplot coordinates {
          (8, 53863.5)
          (16, 108949)
          (32, 218799)
          (64, 427686)
          (128, 846584)
          (256, 1.56885e+06)
          (512, 2.72741e+06)
          (1024, 4.76528e+06)
          (2048, 7.31114e+06)
          (4096, 9.91124e+06)
          (8192, 1.19466e+07)
          (16384, 1.44113e+07)
          (32768, 1.59305e+07)
          (65536, 1.49185e+07)
          (131072, 1.74049e+07)
          (262144, 1.91746e+07)
          (524288, 1.96631e+07)
          (1048576, 2.23898e+07)
       };\addlegendentry{write p=1}
       \addplot coordinates {
          (27, 181727)
          (54, 370822)
          (108, 650122)
          (216, 1.40361e+06)
          (432, 2.64204e+06)
          (864, 4.61149e+06)
          (1728, 7.32846e+06)
          (3456, 1.14761e+07)
          (6912, 1.51832e+07)
          (13824, 1.84146e+07)
          (27648, 2.01214e+07)
          (55296, 2.26128e+07)
          (110592, 2.38975e+07)
          (221184, 2.21784e+07)
          (442368, 2.54185e+07)
          (884736, 2.6837e+07)
          (1769472, 3.1541e+07)
       };\addlegendentry{write p=2}
       \addplot coordinates {
          (64, 420461)
          (128, 821960)
          (256, 1.61041e+06)
          (512, 3.1143e+06)
          (1024, 5.24335e+06)
          (2048, 8.54527e+06)
          (4096, 1.19327e+07)
          (8192, 1.59862e+07)
          (16384, 1.83778e+07)
          (32768, 1.95842e+07)
          (65536, 2.02605e+07)
          (131072, 2.10309e+07)
          (262144, 2.17657e+07)
          (524288, 2.27624e+07)
          (1048576, 2.72094e+07)
       };\addlegendentry{write p=3}
       \addplot coordinates {
          (125, 842865)
          (250, 1.58755e+06)
          (500, 3.08401e+06)
          (1000, 5.72588e+06)
          (2000, 9.34939e+06)
          (4000, 1.31356e+07)
          (8000, 1.71056e+07)
          (16000, 2.1378e+07)
          (32000, 2.27757e+07)
          (64000, 2.37571e+07)
          (128000, 2.23069e+07)
          (256000, 2.51404e+07)
          (512000, 2.50812e+07)
          (1024000, 2.89736e+07)
       };\addlegendentry{write p=4}
       \addplot coordinates {
          (216, 1.39019e+06)
          (432, 2.58074e+06)
          (864, 4.69621e+06)
          (1728, 8.65636e+06)
          (3456, 5.3943e+06)
          (6912, 1.51903e+07)
          (13824, 1.52584e+07)
          (27648, 1.90462e+07)
          (55296, 2.50507e+07)
          (110592, 2.51628e+07)
          (221184, 2.59878e+07)
          (442368, 2.81725e+07)
          (884736, 2.9509e+07)
          (1769472, 3.47065e+07)
       };\addlegendentry{write p=5}
       \addplot coordinates {
          (343, 2.09841e+06)
          (686, 3.86246e+06)
          (1372, 6.58384e+06)
          (2744, 1.09279e+07)
          (5488, 1.60952e+07)
          (10976, 1.99431e+07)
          (21952, 2.17685e+07)
          (43904, 2.5401e+07)
          (87808, 2.5714e+07)
          (175616, 2.59467e+07)
          (351232, 2.4824e+07)
          (702464, 3.08213e+07)
          (1404928, 3.26364e+07)
       };\addlegendentry{write p=6}
  \end{axis}
\end{tikzpicture}

\begin{tikzpicture}[scale=0.9]
  \begin{axis}[
    title={Global Face Speed-of-Light Operator},
    xlabel={Number of DoFs},
    ylabel={Throughput [DoF/s]},
    legend pos=south east,
    grid=major, xmode=log, ymode=log, cycle list name=color list
  ]
       \addplot coordinates {
          (1, 2277.52)
          (2, 4562.84)
          (4, 5004.61)
          (8, 18701.1)
          (16, 21675.6)
          (32, 72690.1)
          (64, 73132.8)
          (128, 225908)
          (256, 285084)
          (512, 954542)
          (1024, 1.04284e+06)
          (2048, 2.67918e+06)
          (4096, 3.80028e+06)
          (8192, 4.51387e+06)
          (16384, 5.20949e+06)
          (32768, 5.69313e+06)
          (65536, 5.78398e+06)
          (131072, 6.5809e+06)
          (262144, 1.17814e+07)
          (524288, 1.9481e+07)
          (1048576, 2.58455e+07)
       };\addlegendentry{write p=0}
       \addplot coordinates {
          (8, 18153.7)
          (16, 36523.5)
          (32, 72741.2)
          (64, 145788)
          (128, 288392)
          (256, 564472)
          (512, 812065)
          (1024, 1.98413e+06)
          (2048, 3.59258e+06)
          (4096, 3.5972e+06)
          (8192, 8.49242e+06)
          (16384, 9.89616e+06)
          (32768, 1.2953e+07)
          (65536, 1.54471e+07)
          (131072, 1.71283e+07)
          (262144, 1.79351e+07)
          (524288, 1.80116e+07)
          (1048576, 1.89635e+07)
       };\addlegendentry{write p=1}
       \addplot coordinates {
          (27, 61392.8)
          (54, 122983)
          (108, 246864)
          (216, 472036)
          (432, 941500)
          (864, 1.81551e+06)
          (1728, 3.33398e+06)
          (3456, 5.76943e+06)
          (6912, 9.04983e+06)
          (13824, 1.25101e+07)
          (27648, 1.57211e+07)
          (55296, 1.8374e+07)
          (110592, 2.03659e+07)
          (221184, 2.20789e+07)
          (442368, 2.25401e+07)
          (884736, 2.30894e+07)
          (1769472, 2.36162e+07)
       };\addlegendentry{write p=2}
       \addplot coordinates {
          (64, 143686)
          (128, 290446)
          (256, 537726)
          (512, 1.08189e+06)
          (1024, 2.07247e+06)
          (2048, 3.71745e+06)
          (4096, 5.92251e+06)
          (8192, 8.41608e+06)
          (16384, 1.07095e+07)
          (32768, 1.10098e+07)
          (65536, 1.19361e+07)
          (131072, 1.34948e+07)
          (262144, 1.3031e+07)
          (524288, 1.32937e+07)
          (1048576, 1.33673e+07)
       };\addlegendentry{write p=3}
       \addplot coordinates {
          (125, 283745)
          (250, 563528)
          (500, 1.05657e+06)
          (1000, 2.07403e+06)
          (2000, 3.95409e+06)
          (4000, 6.96724e+06)
          (8000, 1.06063e+07)
          (16000, 1.44746e+07)
          (32000, 1.81666e+07)
          (64000, 2.0128e+07)
          (128000, 2.08774e+07)
          (256000, 2.16306e+07)
          (512000, 2.19538e+07)
          (1024000, 2.24627e+07)
       };\addlegendentry{write p=4}
       \addplot coordinates {
          (216, 485907)
          (432, 961210)
          (864, 1.72242e+06)
          (1728, 3.3419e+06)
          (3456, 6.28915e+06)
          (6912, 1.03606e+07)
          (13824, 1.48517e+07)
          (27648, 1.86349e+07)
          (55296, 2.17528e+07)
          (110592, 2.39104e+07)
          (221184, 2.50907e+07)
          (442368, 2.51117e+07)
          (884736, 2.6956e+07)
          (1769472, 2.74948e+07)
       };\addlegendentry{write p=5}
       \addplot coordinates {
          (343, 774953)
          (686, 1.43402e+06)
          (1372, 2.72012e+06)
          (2744, 4.78542e+06)
          (5488, 8.33749e+06)
          (10976, 1.30943e+07)
          (21952, 1.69253e+07)
          (43904, 1.97989e+07)
          (87808, 2.18335e+07)
          (175616, 2.26808e+07)
          (351232, 2.16797e+07)
          (702464, 2.44238e+07)
          (1404928, 2.51071e+07)
       };\addlegendentry{write p=6}
  \end{axis}
\end{tikzpicture}
