
3D Speed-of-Light operator benchmarks

\begin{tikzpicture}[scale=0.9]
  \begin{axis}[
    title={Volume Speed-of-Light Operator},
    xlabel={Number of DoFs},
    ylabel={Throughput [DoF/s]},
    legend pos=outer north east,
    grid=major, xmode=log, ymode=log, cycle list name=color list
  ]
       \addplot coordinates {
          (1, 15303.1)
          (2, 32046.6)
          (4, 2415.82)
          (8, 132241)
          (16, 258804)
          (32, 530898)
          (64, 1.06179e+06)
          (128, 2.04688e+06)
          (256, 4.10079e+06)
          (512, 7.92577e+06)
          (1024, 1.44381e+07)
          (2048, 2.45445e+07)
          (4096, 4.38191e+07)
          (8192, 8.17775e+07)
          (16384, 1.08259e+08)
          (32768, 1.49977e+08)
          (65536, 1.73914e+08)
          (131072, 1.93363e+08)
          (262144, 1.91036e+08)
          (524288, 2.1129e+08)
          (1048576, 1.37642e+08)
       };\addlegendentry{vol p=0}
       \addplot coordinates {
          (8, 550747)
          (16, 1.33442e+06)
          (32, 2.6537e+06)
          (64, 5.62676e+06)
          (128, 1.03442e+07)
          (256, 2.12506e+07)
          (512, 4.02538e+07)
          (1024, 7.69256e+07)
          (2048, 1.45155e+08)
          (4096, 2.50019e+08)
          (8192, 4.04632e+08)
          (16384, 6.10764e+08)
          (32768, 7.3735e+08)
          (65536, 9.25905e+08)
          (131072, 7.84291e+08)
          (262144, 8.53447e+08)
          (524288, 4.24259e+08)
          (1048576, 6.62287e+08)
       };\addlegendentry{vol p=1}
       \addplot coordinates {
          (27, 2.23191e+06)
          (54, 4.38294e+06)
          (108, 8.6263e+06)
          (216, 1.80956e+07)
          (432, 3.45462e+07)
          (864, 6.8344e+07)
          (1728, 1.28264e+08)
          (3456, 2.3729e+08)
          (6912, 3.73469e+08)
          (13824, 5.87852e+08)
          (27648, 9.33336e+08)
          (55296, 1.21642e+09)
          (110592, 1.34707e+09)
          (221184, 9.99278e+08)
          (442368, 6.20928e+08)
          (884736, 5.90275e+08)
          (1769472, 6.66821e+08)
       };\addlegendentry{vol p=2}
       \addplot coordinates {
          (64, 5.12161e+06)
          (128, 1.05601e+07)
          (256, 2.05158e+07)
          (512, 4.13768e+07)
          (1024, 7.7341e+07)
          (2048, 1.3855e+08)
          (4096, 2.0011e+08)
          (8192, 3.60964e+08)
          (16384, 4.52824e+08)
          (32768, 5.44553e+08)
          (65536, 5.67351e+08)
          (131072, 3.24285e+08)
          (262144, 3.30617e+08)
          (524288, 3.1706e+08)
          (1048576, 2.98203e+08)
       };\addlegendentry{vol p=3}
       \addplot coordinates {
          (125, 1.02446e+07)
          (250, 1.93118e+07)
          (500, 3.73694e+07)
          (1000, 7.60411e+07)
          (2000, 1.34275e+08)
          (4000, 2.25368e+08)
          (8000, 3.65046e+08)
          (16000, 4.65127e+08)
          (32000, 6.23604e+08)
          (64000, 7.65731e+08)
          (128000, 8.08815e+08)
          (256000, 7.44273e+08)
          (512000, 7.52476e+08)
          (1024000, 7.6269e+08)
       };\addlegendentry{vol p=4}
       \addplot coordinates {
          (216, 1.76985e+07)
          (432, 2.15279e+07)
          (864, 6.73141e+07)
          (1728, 1.36559e+08)
          (3456, 2.21159e+08)
          (6912, 3.92662e+08)
          (13824, 4.9927e+08)
          (27648, 6.01632e+08)
          (55296, 7.40626e+08)
          (110592, 8.35488e+08)
          (221184, 7.58835e+08)
          (442368, 7.78739e+08)
          (884736, 7.89022e+08)
          (1769472, 7.74064e+08)
       };\addlegendentry{vol p=5}
       \addplot coordinates {
          (343, 2.49311e+07)
          (686, 3.66591e+07)
          (1372, 9.25383e+07)
          (2744, 1.85748e+08)
          (5488, 3.00931e+08)
          (10976, 4.25056e+08)
          (21952, 5.66937e+08)
          (43904, 7.03186e+08)
          (87808, 6.50076e+08)
          (175616, 7.9438e+08)
          (351232, 7.5319e+08)
          (702464, 7.70984e+08)
          (1404928, 7.62905e+08)
       };\addlegendentry{vol p=6}
  \end{axis}
\end{tikzpicture}

\begin{tikzpicture}[scale=0.9]
  \begin{axis}[
    title={Face Read Speed-of-Light Operator},
    xlabel={Number of DoFs},
    ylabel={Throughput [DoF/s]},
    legend pos=outer north east,
    grid=major, xmode=log, ymode=log, cycle list name=color list
  ]
       \addplot coordinates {
          (1, 80446.4)
          (2, 156728)
          (4, 343320)
          (8, 671378)
          (16, 1.35018e+06)
          (32, 2.60107e+06)
          (64, 4.70994e+06)
          (128, 8.74035e+06)
          (256, 1.62092e+07)
          (512, 2.50684e+07)
          (1024, 3.47249e+07)
          (2048, 4.22714e+07)
          (4096, 4.62423e+07)
          (8192, 5.31936e+07)
          (16384, 5.33979e+07)
          (32768, 5.11847e+07)
          (65536, 5.80107e+07)
          (131072, 5.38108e+07)
          (262144, 5.59257e+07)
          (524288, 5.40243e+07)
          (1048576, 4.82621e+07)
       };\addlegendentry{read p=0}
       \addplot coordinates {
          (8, 539582)
          (16, 1.41484e+06)
          (32, 2.02235e+06)
          (64, 5.46381e+06)
          (128, 9.11444e+06)
          (256, 2.00145e+07)
          (512, 3.57383e+07)
          (1024, 5.94487e+07)
          (2048, 7.65577e+07)
          (4096, 1.08734e+08)
          (8192, 1.14926e+08)
          (16384, 1.39771e+08)
          (32768, 1.49806e+08)
          (65536, 1.4372e+08)
          (131072, 1.32437e+08)
          (262144, 1.34702e+08)
          (524288, 1.33414e+08)
          (1048576, 1.36497e+08)
       };\addlegendentry{read p=1}
       \addplot coordinates {
          (27, 2.17258e+06)
          (54, 4.29677e+06)
          (108, 8.66332e+06)
          (216, 1.59835e+07)
          (432, 2.97831e+07)
          (864, 3.79609e+07)
          (1728, 7.81916e+07)
          (3456, 9.92649e+07)
          (6912, 1.21685e+08)
          (13824, 1.32644e+08)
          (27648, 1.30832e+08)
          (55296, 1.31195e+08)
          (110592, 1.2702e+08)
          (221184, 1.19694e+08)
          (442368, 1.24845e+08)
          (884736, 1.30845e+08)
          (1769472, 1.2929e+08)
       };\addlegendentry{read p=2}
       \addplot coordinates {
          (64, 5.24397e+06)
          (128, 9.43848e+06)
          (256, 1.77365e+07)
          (512, 3.34523e+07)
          (1024, 5.41531e+07)
          (2048, 7.22878e+07)
          (4096, 8.71058e+07)
          (8192, 9.44749e+07)
          (16384, 1.00923e+08)
          (32768, 9.69539e+07)
          (65536, 8.85089e+07)
          (131072, 8.76964e+07)
          (262144, 8.60106e+07)
          (524288, 7.77878e+07)
          (1048576, 6.75088e+07)
       };\addlegendentry{read p=3}
       \addplot coordinates {
          (125, 1.04641e+07)
          (250, 1.68856e+07)
          (500, 3.0704e+07)
          (1000, 5.78953e+07)
          (2000, 8.77809e+07)
          (4000, 1.14207e+08)
          (8000, 1.28616e+08)
          (16000, 1.4556e+08)
          (32000, 1.55235e+08)
          (64000, 1.5304e+08)
          (128000, 1.4666e+08)
          (256000, 1.36519e+08)
          (512000, 1.34167e+08)
          (1024000, 1.22344e+08)
       };\addlegendentry{read p=4}
       \addplot coordinates {
          (216, 1.79835e+07)
          (432, 2.60709e+07)
          (864, 4.61565e+07)
          (1728, 7.9e+07)
          (3456, 1.02263e+08)
          (6912, 1.16211e+08)
          (13824, 1.26386e+08)
          (27648, 1.32658e+08)
          (55296, 1.34576e+08)
          (110592, 1.31349e+08)
          (221184, 1.21829e+08)
          (442368, 1.19176e+08)
          (884736, 1.15002e+08)
          (1769472, 1.15089e+08)
       };\addlegendentry{read p=5}
       \addplot coordinates {
          (343, 2.70174e+07)
          (686, 3.6091e+07)
          (1372, 5.63532e+07)
          (2744, 1.00903e+08)
          (5488, 1.20648e+08)
          (10976, 1.30413e+08)
          (21952, 1.29295e+08)
          (43904, 1.36445e+08)
          (87808, 1.33567e+08)
          (175616, 1.30115e+08)
          (351232, 1.11983e+08)
          (702464, 1.13971e+08)
          (1404928, 1.13084e+08)
       };\addlegendentry{read p=6}
  \end{axis}
\end{tikzpicture}

\begin{tikzpicture}[scale=0.9]
  \begin{axis}[
    title={Face Write Speed-of-Light Operator},
    xlabel={Number of DoFs},
    ylabel={Throughput [DoF/s]},
    legend pos=outer north east,
    grid=major, xmode=log, ymode=log, cycle list name=color list
  ]
       \addplot coordinates {
          (1, 79438.5)
          (2, 157020)
          (4, 299954)
          (8, 530949)
          (16, 869687)
          (32, 1.25426e+06)
          (64, 1.73292e+06)
          (128, 2.37657e+06)
          (256, 3.53492e+06)
          (512, 4.11137e+06)
          (1024, 4.54369e+06)
          (2048, 5.3298e+06)
          (4096, 5.74694e+06)
          (8192, 5.89797e+06)
          (16384, 5.80449e+06)
          (32768, 6.28869e+06)
          (65536, 7.42451e+06)
          (131072, 9.74217e+06)
          (262144, 1.25156e+07)
          (524288, 1.71249e+07)
          (1048576, 1.86564e+07)
       };\addlegendentry{write p=0}
       \addplot coordinates {
          (8, 644341)
          (16, 1.23425e+06)
          (32, 2.10015e+06)
          (64, 4.00254e+06)
          (128, 5.20023e+06)
          (256, 7.67713e+06)
          (512, 9.68993e+06)
          (1024, 1.35255e+07)
          (2048, 1.63626e+07)
          (4096, 1.82444e+07)
          (8192, 1.75487e+07)
          (16384, 1.97814e+07)
          (32768, 2.12898e+07)
          (65536, 2.18699e+07)
          (131072, 2.38186e+07)
          (262144, 2.69668e+07)
          (524288, 3.27101e+07)
          (1048576, 3.02837e+07)
       };\addlegendentry{write p=1}
       \addplot coordinates {
          (27, 2.31799e+06)
          (54, 3.47347e+06)
          (108, 5.77326e+06)
          (216, 8.9057e+06)
          (432, 1.10005e+07)
          (864, 1.46614e+07)
          (1728, 1.40662e+07)
          (3456, 2.00238e+07)
          (6912, 2.08451e+07)
          (13824, 2.20361e+07)
          (27648, 2.23109e+07)
          (55296, 2.42387e+07)
          (110592, 2.52209e+07)
          (221184, 2.57583e+07)
          (442368, 2.66416e+07)
          (884736, 2.72777e+07)
          (1769472, 3.23928e+07)
       };\addlegendentry{write p=2}
       \addplot coordinates {
          (64, 4.92795e+06)
          (128, 7.22269e+06)
          (256, 1.09165e+07)
          (512, 1.54383e+07)
          (1024, 2.03483e+07)
          (2048, 2.15372e+07)
          (4096, 2.18883e+07)
          (8192, 2.50085e+07)
          (16384, 2.51384e+07)
          (32768, 2.5439e+07)
          (65536, 2.53434e+07)
          (131072, 2.03e+07)
          (262144, 2.80343e+07)
          (524288, 2.78716e+07)
          (1048576, 3.3283e+07)
       };\addlegendentry{write p=3}
       \addplot coordinates {
          (125, 29964.5)
          (250, 1.04733e+07)
          (500, 1.42335e+07)
          (1000, 1.96024e+07)
          (2000, 2.43982e+07)
          (4000, 2.40865e+07)
          (8000, 2.32149e+07)
          (16000, 2.58782e+07)
          (32000, 2.56673e+07)
          (64000, 2.54205e+07)
          (128000, 2.52374e+07)
          (256000, 2.59484e+07)
          (512000, 2.53777e+07)
          (1024000, 2.9371e+07)
       };\addlegendentry{write p=4}
       \addplot coordinates {
          (216, 1.29216e+07)
          (432, 1.43782e+07)
          (864, 1.78715e+07)
          (1728, 2.47865e+07)
          (3456, 2.85106e+07)
          (6912, 2.68796e+07)
          (13824, 2.60573e+07)
          (27648, 2.86871e+07)
          (55296, 2.8458e+07)
          (110592, 2.79285e+07)
          (221184, 2.67847e+07)
          (442368, 2.97641e+07)
          (884736, 3.07999e+07)
          (1769472, 3.57373e+07)
       };\addlegendentry{write p=5}
       \addplot coordinates {
          (343, 1.64361e+07)
          (686, 1.612e+07)
          (1372, 1.83929e+07)
          (2744, 2.39886e+07)
          (5488, 3.1175e+07)
          (10976, 2.82331e+07)
          (21952, 2.75767e+07)
          (43904, 3.00319e+07)
          (87808, 3.00107e+07)
          (175616, 2.96533e+07)
          (351232, 2.91713e+07)
          (702464, 3.36656e+07)
          (1404928, 3.63976e+07)
       };\addlegendentry{write p=6}
  \end{axis}
\end{tikzpicture}

\begin{tikzpicture}[scale=0.9]
  \begin{axis}[
    title={Global Face Speed-of-Light Operator},
    xlabel={Number of DoFs},
    ylabel={Throughput [DoF/s]},
    legend pos=south east,
    grid=major, xmode=log, ymode=log, cycle list name=color list
  ]
       \addplot coordinates {
          (1, 27974.9)
          (2, 53670.9)
          (4, 108749)
          (8, 215130)
          (16, 435735)
          (32, 746888)
          (64, 1.30361e+06)
          (128, 1.47009e+06)
          (256, 2.95553e+06)
          (512, 3.82675e+06)
          (1024, 4.55156e+06)
          (2048, 5.19819e+06)
          (4096, 5.73594e+06)
          (8192, 5.82416e+06)
          (16384, 6.0127e+06)
          (32768, 3.54846e+06)
          (65536, 6.11643e+06)
          (131072, 6.67176e+06)
          (262144, 1.1429e+07)
          (524288, 1.98614e+07)
          (1048576, 2.59455e+07)
       };\addlegendentry{write p=0}
       \addplot coordinates {
          (8, 242320)
          (16, 478386)
          (32, 922382)
          (64, 1.73563e+06)
          (128, 3.01541e+06)
          (256, 5.09101e+06)
          (512, 7.96608e+06)
          (1024, 1.18429e+07)
          (2048, 1.50229e+07)
          (4096, 1.81577e+07)
          (8192, 1.99216e+07)
          (16384, 2.15863e+07)
          (32768, 2.30433e+07)
          (65536, 2.34092e+07)
          (131072, 2.5307e+07)
          (262144, 2.15447e+07)
          (524288, 2.83186e+07)
          (1048576, 3.62426e+07)
       };\addlegendentry{write p=1}
       \addplot coordinates {
          (27, 740948)
          (54, 1.51153e+06)
          (108, 2.59224e+06)
          (216, 4.33376e+06)
          (432, 8.77122e+06)
          (864, 1.28025e+07)
          (1728, 1.6583e+07)
          (3456, 1.84137e+07)
          (6912, 2.35397e+07)
          (13824, 2.5707e+07)
          (27648, 2.70247e+07)
          (55296, 2.81261e+07)
          (110592, 2.92299e+07)
          (221184, 2.96761e+07)
          (442368, 2.67659e+07)
          (884736, 3.07982e+07)
          (1769472, 3.37592e+07)
       };\addlegendentry{write p=2}
       \addplot coordinates {
          (64, 1.86169e+06)
          (128, 3.23886e+06)
          (256, 5.24466e+06)
          (512, 9.37012e+06)
          (1024, 1.53172e+07)
          (2048, 1.94654e+07)
          (4096, 2.15769e+07)
          (8192, 2.35946e+07)
          (16384, 2.47622e+07)
          (32768, 2.45099e+07)
          (65536, 2.40151e+07)
          (131072, 2.43274e+07)
          (262144, 2.46986e+07)
          (524288, 2.22654e+07)
          (1048576, 2.2645e+07)
       };\addlegendentry{write p=3}
       \addplot coordinates {
          (125, 3.56968e+06)
          (250, 5.78126e+06)
          (500, 8.29359e+06)
          (1000, 1.31022e+07)
          (2000, 2.08577e+07)
          (4000, 2.4962e+07)
          (8000, 2.49701e+07)
          (16000, 2.61718e+07)
          (32000, 2.62095e+07)
          (64000, 2.49429e+07)
          (128000, 2.49439e+07)
          (256000, 2.54047e+07)
          (512000, 2.44263e+07)
          (1024000, 2.73941e+07)
       };\addlegendentry{write p=4}
       \addplot coordinates {
          (216, 6.26208e+06)
          (432, 8.39386e+06)
          (864, 1.08515e+07)
          (1728, 1.71355e+07)
          (3456, 2.60356e+07)
          (6912, 2.91509e+07)
          (13824, 2.85687e+07)
          (27648, 2.89098e+07)
          (55296, 2.87762e+07)
          (110592, 2.82723e+07)
          (221184, 2.42551e+07)
          (442368, 2.80376e+07)
          (884736, 3.03909e+07)
          (1769472, 3.14726e+07)
       };\addlegendentry{write p=5}
       \addplot coordinates {
          (343, 9.99224e+06)
          (686, 1.30929e+07)
          (1372, 1.39719e+07)
          (2744, 2.00999e+07)
          (5488, 3.01397e+07)
          (10976, 3.23555e+07)
          (21952, 3.14295e+07)
          (43904, 3.13832e+07)
          (87808, 3.12513e+07)
          (175616, 3.17657e+07)
          (351232, 3.19878e+07)
          (702464, 3.32075e+07)
          (1404928, 3.68458e+07)
       };\addlegendentry{write p=6}
  \end{axis}
\end{tikzpicture}
