
3d mesh advection operator. 
Orders: 0-6
Quad pts: order + 2

 \begin{tikzpicture}[scale=0.9]
    \begin{axis}[
       title={3D Advection Operator Application Performance},
       xlabel={Number of dofs},
       ylabel={Throughput [DoF/s]},
       legend pos=outer north east,
       grid=major,
       xmode = log,
       ymode = log,
       cycle list name=color list,
       ]
       \addplot
       coordinates {
          (1, 1267.27)
          (2, 61092.3)
          (4, 108381)
          (8, 203087)
          (16, 372178)
          (32, 615328)
          (64, 831767)
          (128, 1.24993e+06)
          (256, 1.4875e+06)
          (512, 1.66332e+06)
          (1024, 3.41714e+06)
          (2048, 3.42838e+06)
          (4096, 3.40371e+06)
          (8192, 3.42165e+06)
          (16384, 3.39899e+06)
          (32768, 3.38735e+06)
          (65536, 3.3885e+06)
          (131072, 3.18382e+06)
          (262144, 3.35515e+06)
          (524288, 3.35023e+06)
          (1048576, 3.35107e+06)
       };
       \addlegendentry{p=0, q=2}
       \addplot
       coordinates {
          (8, 520137)
          (16, 870065)
          (32, 1.65089e+06)
          (64, 3.11479e+06)
          (128, 2.99214e+06)
          (256, 5.22176e+06)
          (512, 5.98095e+06)
          (1024, 6.41866e+06)
          (2048, 6.32928e+06)
          (4096, 6.54463e+06)
          (8192, 6.59752e+06)
          (16384, 6.53137e+06)
          (32768, 4.3153e+06)
          (65536, 6.49752e+06)
          (131072, 6.50794e+06)
          (262144, 6.33594e+06)
          (524288, 6.42427e+06)
          (1048576, 6.42493e+06)
       };
       \addlegendentry{p=1, q=3}
       \addplot
       coordinates {
          (27, 1.15614e+06)
          (54, 1.77054e+06)
          (108, 3.02559e+06)
          (216, 5.27724e+06)
          (432, 5.52826e+06)
          (864, 5.70166e+06)
          (1728, 5.72121e+06)
          (3456, 5.89668e+06)
          (6912, 5.77523e+06)
          (13824, 5.6618e+06)
          (27648, 5.64006e+06)
          (55296, 5.56668e+06)
          (110592, 5.1712e+06)
          (221184, 5.49743e+06)
          (442368, 5.42832e+06)
          (884736, 5.38769e+06)
          (1769472, 5.36638e+06)
       };
       \addlegendentry{p=2, q=4}
       \addplot
       coordinates {
          (64, 1.63807e+06)
          (128, 2.44218e+06)
          (256, 4.06245e+06)
          (512, 7.20663e+06)
          (1024, 6.76444e+06)
          (2048, 6.70603e+06)
          (4096, 6.40878e+06)
          (8192, 6.57948e+06)
          (16384, 6.40229e+06)
          (32768, 6.27165e+06)
          (65536, 5.58173e+06)
          (131072, 6.12373e+06)
          (262144, 5.97615e+06)
          (524288, 5.95832e+06)
          (1048576, 5.99422e+06)
       };
       \addlegendentry{p=3, q=5}
       \addplot
       coordinates {
          (125, 1.95509e+06)
          (250, 2.84089e+06)
          (500, 4.34098e+06)
          (1000, 7.90982e+06)
          (2000, 7.16422e+06)
          (4000, 6.93496e+06)
          (8000, 6.64975e+06)
          (16000, 5.8199e+06)
          (32000, 6.51113e+06)
          (64000, 6.35648e+06)
          (128000, 6.14861e+06)
          (256000, 6.25646e+06)
          (512000, 6.14101e+06)
          (1024000, 6.15178e+06)
       };
       \addlegendentry{p=4, q=6}
       \addplot
       coordinates {
          (216, 2.05092e+06)
          (432, 2.68604e+06)
          (864, 4.71164e+06)
          (1728, 8.05226e+06)
          (3456, 6.92382e+06)
          (6912, 6.66832e+06)
          (13824, 6.31791e+06)
          (27648, 5.94696e+06)
          (55296, 6.18088e+06)
          (110592, 6.05155e+06)
          (221184, 5.99105e+06)
          (442368, 5.95434e+06)
          (884736, 5.8556e+06)
          (1769472, 5.86945e+06)
       };
       \addlegendentry{p=5, q=7}
       \addplot
       coordinates {
          (343, 2.02768e+06)
          (686, 2.93765e+06)
          (1372, 4.70947e+06)
          (2744, 8.17328e+06)
          (5488, 1.94635e+06)
          (10976, 3.57211e+06)
          (21952, 6.33136e+06)
          (43904, 6.34565e+06)
          (87808, 5.70746e+06)
          (175616, 5.99788e+06)
          (351232, 5.96982e+06)
          (702464, 5.88562e+06)
          (1404928, 5.79768e+06)
       };
       \addlegendentry{p=6, q=8}
    \end{axis}
 \end{tikzpicture}
