
3d mesh mass operator. 
Orders: 0-6
Quad pts: order + 2

 \begin{tikzpicture}[scale=0.9]
    \begin{axis}[
       title={3D Mass Operator Application Performance},
       xlabel={Number of dofs},
       ylabel={Throughput [DoF/s]},
       legend pos=outer north east,
       grid=major,
       xmode = log,
       ymode = log,
       cycle list name=color list,
       ]
       \addplot
       coordinates {
          (1, 1517.85)
          (2, 3335.27)
          (4, 116771)
          (8, 229337)
          (16, 446596)
          (32, 872038)
          (64, 1.66058e+06)
          (128, 2.9859e+06)
          (256, 5.04504e+06)
          (512, 7.12894e+06)
          (1024, 9.89564e+06)
          (2048, 1.12152e+07)
          (4096, 1.28019e+07)
          (8192, 1.36183e+07)
          (16384, 1.41183e+07)
          (32768, 1.42158e+07)
          (65536, 2.10497e+07)
          (131072, 2.8072e+07)
          (262144, 2.7261e+07)
          (524288, 2.80795e+07)
          (1048576, 2.80013e+07)
       };
       \addlegendentry{p=0, q=2}
       \addplot
       coordinates {
          (8, 613850)
          (16, 1.14997e+06)
          (32, 2.31281e+06)
          (64, 4.64359e+06)
          (128, 7.75912e+06)
          (256, 1.27718e+07)
          (512, 1.78165e+07)
          (1024, 2.27998e+07)
          (2048, 2.60492e+07)
          (4096, 2.80651e+07)
          (8192, 2.91688e+07)
          (16384, 3.08709e+07)
          (32768, 3.0191e+07)
          (65536, 3.12025e+07)
          (131072, 3.13919e+07)
          (262144, 2.75199e+07)
          (524288, 3.16138e+07)
          (1048576, 3.1658e+07)
       };
       \addlegendentry{p=1, q=3}
       \addplot
       coordinates {
          (27, 1.54473e+06)
          (54, 3.13646e+06)
          (108, 6.15585e+06)
          (216, 9.58245e+06)
          (432, 1.50514e+07)
          (864, 2.27534e+07)
          (1728, 2.79319e+07)
          (3456, 3.12212e+07)
          (6912, 3.27299e+07)
          (13824, 3.36667e+07)
          (27648, 3.41577e+07)
          (55296, 3.43265e+07)
          (110592, 3.43782e+07)
          (221184, 3.36867e+07)
          (442368, 3.16224e+07)
          (884736, 3.35147e+07)
          (1769472, 3.34313e+07)
       };
       \addlegendentry{p=2, q=4}
       \addplot
       coordinates {
          (64, 2.00958e+06)
          (128, 4.87685e+06)
          (256, 8.78449e+06)
          (512, 1.75475e+07)
          (1024, 2.37504e+07)
          (2048, 2.72359e+07)
          (4096, 2.96077e+07)
          (8192, 3.0042e+07)
          (16384, 3.19567e+07)
          (32768, 3.22183e+07)
          (65536, 3.25525e+07)
          (131072, 2.25072e+07)
          (262144, 3.2199e+07)
          (524288, 3.2313e+07)
          (1048576, 3.16996e+07)
       };
       \addlegendentry{p=3, q=5}
       \addplot
       coordinates {
          (125, 3.0515e+06)
          (250, 5.77929e+06)
          (500, 1.1813e+07)
          (1000, 2.32306e+07)
          (2000, 2.6766e+07)
          (4000, 2.95268e+07)
          (8000, 3.13206e+07)
          (16000, 3.14391e+07)
          (32000, 3.26754e+07)
          (64000, 3.29686e+07)
          (128000, 3.31934e+07)
          (256000, 3.3178e+07)
          (512000, 3.32169e+07)
          (1024000, 3.25326e+07)
       };
       \addlegendentry{p=4, q=6}
       \addplot
       coordinates {
          (216, 3.10572e+06)
          (432, 6.3855e+06)
          (864, 1.25921e+07)
          (1728, 2.3035e+07)
          (3456, 2.68669e+07)
          (6912, 2.91473e+07)
          (13824, 3.0027e+07)
          (27648, 3.06632e+07)
          (55296, 3.09523e+07)
          (110592, 3.09781e+07)
          (221184, 3.10159e+07)
          (442368, 3.10545e+07)
          (884736, 3.09758e+07)
          (1769472, 3.09017e+07)
       };
       \addlegendentry{p=5, q=7}
       \addplot
       coordinates {
          (343, 3.39312e+06)
          (686, 6.73645e+06)
          (1372, 1.33149e+07)
          (2744, 2.58134e+07)
          (5488, 2.83476e+07)
          (10976, 2.94924e+07)
          (21952, 3.03166e+07)
          (43904, 2.37571e+07)
          (87808, 3.09485e+07)
          (175616, 3.08633e+07)
          (351232, 2.85578e+07)
          (702464, 3.09637e+07)
          (1404928, 3.09659e+07)
       };
       \addlegendentry{p=6, q=8}
    \end{axis}
 \end{tikzpicture}
