
4d mesh mass operator. 
Orders: 0-6
Quad pts: order + 2

 \begin{tikzpicture}[scale=0.9]
    \begin{axis}[
       title={4D Mass Operator Application Performance},
       xlabel={Number of dofs},
       ylabel={Throughput [DoF/s]},
       legend pos=outer north east,
       grid=major,
       xmode = log,
       ymode = log,
       cycle list name=color list,
       ]
       \addplot
       coordinates {
          (1, 457143)
          (2, 1.05485e+06)
          (4, 2.28571e+06)
          (8, 3.22646e+06)
          (16, 6.19435e+06)
          (32, 1.18168e+07)
          (64, 2.13369e+07)
          (128, 3.33899e+07)
          (256, 4.97522e+07)
          (512, 6.23782e+07)
          (1024, 7.23931e+07)
          (2048, 7.86467e+07)
          (4096, 8.22333e+07)
          (8192, 8.16188e+07)
          (16384, 8.24056e+07)
          (32768, 8.36991e+07)
          (65536, 8.32671e+07)
          (131072, 4.63739e+07)
          (262144, 4.89867e+07)
          (524288, 5.32297e+07)
          (1048576, 8.07681e+07)
       };
       \addlegendentry{p=0, q=2}
       \addplot
       coordinates {
          (16, 2.25241e+06)
          (32, 6.62115e+06)
          (64, 1.3357e+07)
          (128, 2.19441e+07)
          (256, 2.9119e+07)
          (512, 3.46156e+07)
          (1024, 3.72947e+07)
          (2048, 3.90739e+07)
          (4096, 4.00121e+07)
          (8192, 4.06491e+07)
          (16384, 4.11252e+07)
          (32768, 1.16432e+07)
          (65536, 1.61998e+07)
          (131072, 1.68921e+07)
          (262144, 2.00899e+07)
          (524288, 4.08522e+07)
          (1048576, 4.06119e+07)
       };
       \addlegendentry{p=1, q=3}
       \addplot
       coordinates {
          (81, 8.41602e+06)
          (162, 1.97875e+07)
          (324, 4.01885e+07)
          (648, 7.18364e+07)
          (1296, 8.52211e+07)
          (2592, 9.36924e+07)
          (5184, 9.93398e+07)
          (10368, 9.85336e+07)
          (20736, 9.71867e+07)
          (41472, 1.05165e+08)
          (82944, 1.01791e+08)
          (165888, 1.0316e+08)
          (331776, 1.05438e+08)
          (663552, 1.04637e+08)
          (1327104, 1.04496e+08)
       };
       \addlegendentry{p=2, q=4}
       \addplot
       coordinates {
          (256, 1.26689e+07)
          (512, 2.87786e+07)
          (1024, 5.77617e+07)
          (2048, 1.0863e+08)
          (4096, 1.20036e+08)
          (8192, 1.26851e+08)
          (16384, 1.3032e+08)
          (32768, 1.1661e+08)
          (65536, 1.24133e+08)
          (131072, 1.3069e+08)
          (262144, 1.25368e+08)
          (524288, 1.30873e+08)
          (1048576, 1.31632e+08)
       };
       \addlegendentry{p=3, q=5}
       \addplot
       coordinates {
          (625, 1.25111e+07)
          (1250, 2.79345e+07)
          (2500, 5.58173e+07)
          (5000, 1.07244e+08)
          (10000, 1.13455e+08)
          (20000, 1.17323e+08)
          (40000, 1.16512e+08)
          (80000, 1.20274e+08)
          (160000, 1.15923e+08)
          (320000, 1.19707e+08)
          (640000, 1.19249e+08)
          (1280000, 1.17753e+08)
       };
       \addlegendentry{p=4, q=6}
       \addplot
       coordinates {
          (1296, 1.27902e+07)
          (2592, 2.72977e+07)
          (5184, 5.45716e+07)
          (10368, 1.06209e+08)
          (20736, 1.10243e+08)
          (41472, 1.1087e+08)
          (82944, 1.13882e+08)
          (165888, 1.13162e+08)
          (331776, 1.14176e+08)
          (663552, 1.11463e+08)
          (1327104, 1.12001e+08)
       };
       \addlegendentry{p=5, q=7}
       \addplot
       coordinates {
          (2401, 1.21053e+07)
          (4802, 2.51978e+07)
          (9604, 4.97646e+07)
          (19208, 9.77253e+07)
          (38416, 1.0044e+08)
          (76832, 8.29563e+07)
          (153664, 1.0089e+08)
          (307328, 9.6201e+07)
          (614656, 8.66628e+07)
          (1229312, 1.01267e+08)
       };
       \addlegendentry{p=6, q=8}
    \end{axis}
 \end{tikzpicture}
