
3d mesh mass operator. 
Orders: 0-6
Quad pts: order + 2

 \begin{tikzpicture}[scale=0.9]
    \begin{axis}[
       title={3D Mass Operator Application Performance},
       xlabel={Number of dofs},
       ylabel={Throughput [DoF/s]},
       legend pos=outer north east,
       grid=major,
       xmode = log,
       ymode = log,
       cycle list name=color list,
       ]
       \addplot
       coordinates {
          (1, 384025)
          (2, 1.10345e+06)
          (4, 2.23214e+06)
          (8, 3.65714e+06)
          (16, 7.04691e+06)
          (32, 1.29084e+07)
          (64, 2.25909e+07)
          (128, 3.61429e+07)
          (256, 5.34279e+07)
          (512, 7.08307e+07)
          (1024, 8.19233e+07)
          (2048, 8.65413e+07)
          (4096, 9.10273e+07)
          (8192, 9.29647e+07)
          (16384, 9.40877e+07)
          (32768, 9.55392e+07)
          (65536, 9.18461e+07)
          (131072, 5.21931e+07)
          (262144, 5.41135e+07)
          (524288, 6.54143e+07)
          (1048576, 9.45178e+07)
       };
       \addlegendentry{p=0, q=2}
       \addplot
       coordinates {
          (8, 3.09717e+06)
          (16, 6.40128e+06)
          (32, 1.29084e+07)
          (64, 1.98204e+07)
          (128, 3.26822e+07)
          (256, 5.07785e+07)
          (512, 6.7707e+07)
          (1024, 8.24742e+07)
          (2048, 9.17912e+07)
          (4096, 9.63821e+07)
          (8192, 1.01796e+08)
          (16384, 1.03335e+08)
          (32768, 9.79975e+07)
          (65536, 9.9087e+07)
          (131072, 1.04782e+08)
          (262144, 1.05172e+08)
          (524288, 1.04577e+08)
          (1048576, 9.48212e+07)
       };
       \addlegendentry{p=1, q=3}
       \addplot
       coordinates {
          (27, 5.46891e+06)
          (54, 1.58056e+07)
          (108, 3.20047e+07)
          (216, 5.18421e+07)
          (432, 7.54058e+07)
          (864, 9.66767e+07)
          (1728, 1.10599e+08)
          (3456, 1.22254e+08)
          (6912, 1.31508e+08)
          (13824, 1.34005e+08)
          (27648, 1.3695e+08)
          (55296, 1.38943e+08)
          (110592, 1.39729e+08)
          (221184, 1.37641e+08)
          (442368, 1.32814e+08)
          (884736, 1.3419e+08)
          (1769472, 1.32408e+08)
       };
       \addlegendentry{p=2, q=4}
       \addplot
       coordinates {
          (64, 1.75153e+06)
          (128, 2.31842e+07)
          (256, 4.46849e+07)
          (512, 7.8025e+07)
          (1024, 1.01351e+08)
          (2048, 1.16898e+08)
          (4096, 8.35262e+07)
          (8192, 1.36874e+08)
          (16384, 1.23699e+08)
          (32768, 1.32181e+08)
          (65536, 1.37647e+08)
          (131072, 1.43682e+08)
          (262144, 1.43526e+08)
          (524288, 1.43457e+08)
          (1048576, 1.24276e+08)
       };
       \addlegendentry{p=3, q=5}
       \addplot
       coordinates {
          (125, 5.56619e+06)
          (250, 1.70952e+07)
          (500, 3.36146e+07)
          (1000, 6.43459e+07)
          (2000, 7.25111e+07)
          (4000, 7.77688e+07)
          (8000, 8.08469e+07)
          (16000, 8.23641e+07)
          (32000, 7.41786e+07)
          (64000, 8.3524e+07)
          (128000, 8.37643e+07)
          (256000, 8.38128e+07)
          (512000, 8.25384e+07)
          (1024000, 8.37375e+07)
       };
       \addlegendentry{p=4, q=6}
       \addplot
       coordinates {
          (216, 7.86098e+06)
          (432, 2.00557e+07)
          (864, 3.91632e+07)
          (1728, 7.60999e+07)
          (3456, 8.28251e+07)
          (6912, 8.75912e+07)
          (13824, 9.06545e+07)
          (27648, 8.69714e+07)
          (55296, 8.42576e+07)
          (110592, 8.51426e+07)
          (221184, 6.31214e+07)
          (442368, 8.76827e+07)
          (884736, 8.84119e+07)
          (1769472, 8.96024e+07)
       };
       \addlegendentry{p=5, q=7}
       \addplot
       coordinates {
          (343, 8.84271e+06)
          (686, 2.19243e+07)
          (1372, 4.4142e+07)
          (2744, 8.44347e+07)
          (5488, 9.10614e+07)
          (10976, 9.3584e+07)
          (21952, 9.48648e+07)
          (43904, 8.94342e+07)
          (87808, 9.55724e+07)
          (175616, 9.92824e+07)
          (351232, 9.53697e+07)
          (702464, 9.87743e+07)
          (1404928, 9.96461e+07)
       };
       \addlegendentry{p=6, q=8}
    \end{axis}
 \end{tikzpicture}
