
3d mesh advection operator. 
Orders: 0-6
Quad pts: order + 2

 \begin{tikzpicture}[scale=0.9]
    \begin{axis}[
       title={3D Advection Operator Application Performance},
       xlabel={Number of dofs},
       ylabel={Throughput [DoF/s]},
       legend pos=outer north east,
       grid=major,
       xmode = log,
       ymode = log,
       cycle list name=color list,
       ]
       \addplot
       coordinates {
          (1, 234165)
          (2, 827643)
          (4, 1.48837e+06)
          (8, 2.18192e+06)
          (16, 3.50723e+06)
          (32, 5.00352e+06)
          (64, 5.90815e+06)
          (128, 6.80435e+06)
          (256, 7.15294e+06)
          (512, 7.21167e+06)
          (1024, 7.59971e+06)
          (2048, 7.58563e+06)
          (4096, 7.64373e+06)
          (8192, 7.17577e+06)
          (16384, 7.24284e+06)
          (32768, 7.53509e+06)
          (65536, 7.50143e+06)
          (131072, 7.47622e+06)
          (262144, 7.48473e+06)
          (524288, 7.47307e+06)
          (1048576, 6.57896e+06)
       };
       \addlegendentry{p=0, q=2}
       \addplot
       coordinates {
          (8, 2.07577e+06)
          (16, 3.6752e+06)
          (32, 6.5641e+06)
          (64, 9.45277e+06)
          (128, 1.21673e+07)
          (256, 7.84218e+06)
          (512, 1.38074e+07)
          (1024, 1.40724e+07)
          (2048, 1.39506e+07)
          (4096, 1.40986e+07)
          (8192, 1.39333e+07)
          (16384, 1.36912e+07)
          (32768, 1.32685e+07)
          (65536, 1.33873e+07)
          (131072, 1.32231e+07)
          (262144, 1.35023e+07)
          (524288, 1.34227e+07)
          (1048576, 1.33374e+07)
       };
       \addlegendentry{p=1, q=3}
       \addplot
       coordinates {
          (27, 2.86123e+06)
          (54, 6.05619e+06)
          (108, 1.10542e+07)
          (216, 1.57343e+07)
          (432, 1.83514e+07)
          (864, 1.85818e+07)
          (1728, 1.52817e+07)
          (3456, 1.67e+07)
          (6912, 1.65393e+07)
          (13824, 1.63975e+07)
          (27648, 1.64587e+07)
          (55296, 1.63762e+07)
          (110592, 1.62155e+07)
          (221184, 1.63807e+07)
          (442368, 1.52114e+07)
          (884736, 1.62397e+07)
          (1769472, 1.35269e+07)
       };
       \addlegendentry{p=2, q=4}
       \addplot
       coordinates {
          (64, 4.00551e+06)
          (128, 7.22001e+06)
          (256, 1.24632e+07)
          (512, 2.05153e+07)
          (1024, 2.21919e+07)
          (2048, 2.10198e+07)
          (4096, 2.09593e+07)
          (8192, 2.05906e+07)
          (16384, 2.02133e+07)
          (32768, 2.02057e+07)
          (65536, 1.98882e+07)
          (131072, 1.95266e+07)
          (262144, 1.96743e+07)
          (524288, 1.95003e+07)
          (1048576, 1.93986e+07)
       };
       \addlegendentry{p=3, q=5}
       \addplot
       coordinates {
          (125, 4.45458e+06)
          (250, 7.59544e+06)
          (500, 1.2372e+07)
          (1000, 2.07894e+07)
          (2000, 2.12402e+07)
          (4000, 1.94285e+07)
          (8000, 1.6562e+07)
          (16000, 1.82785e+07)
          (32000, 1.79238e+07)
          (64000, 1.75493e+07)
          (128000, 1.76883e+07)
          (256000, 1.74867e+07)
          (512000, 1.61172e+07)
          (1024000, 1.74125e+07)
       };
       \addlegendentry{p=4, q=6}
       \addplot
       coordinates {
          (216, 4.43104e+06)
          (432, 8.00972e+06)
          (864, 1.31456e+07)
          (1728, 2.21374e+07)
          (3456, 2.24916e+07)
          (6912, 2.07853e+07)
          (13824, 1.98567e+07)
          (27648, 1.94086e+07)
          (55296, 1.90227e+07)
          (110592, 1.9092e+07)
          (221184, 1.87679e+07)
          (442368, 1.85881e+07)
          (884736, 1.46805e+07)
          (1769472, 1.85339e+07)
       };
       \addlegendentry{p=5, q=7}
       \addplot
       coordinates {
          (343, 6.14365e+06)
          (686, 1.14539e+07)
          (1372, 1.75066e+07)
          (2744, 2.90643e+07)
          (5488, 2.93461e+07)
          (10976, 2.72078e+07)
          (21952, 2.55922e+07)
          (43904, 2.52955e+07)
          (87808, 2.4322e+07)
          (175616, 2.46512e+07)
          (351232, 2.43298e+07)
          (702464, 2.16112e+07)
          (1404928, 2.39513e+07)
       };
       \addlegendentry{p=6, q=8}
    \end{axis}
 \end{tikzpicture}
