
3D Speed-of-Light operator benchmarks

\begin{tikzpicture}[scale=0.9]
  \begin{axis}[
    title={Volume Speed-of-Light Operator},
    xlabel={Number of DoFs},
    ylabel={Throughput [DoF/s]},
    legend pos=outer north east,
    grid=major, xmode=log, ymode=log, cycle list name=color list
  ]
       \addplot coordinates {
          (1, 484848)
          (2, 1.18519e+06)
          (4, 2e+06)
          (8, 2.88704e+06)
          (16, 6.40128e+06)
          (32, 9.84615e+06)
          (64, 2.67112e+07)
          (128, 5.34224e+07)
          (256, 1.13778e+08)
          (512, 2.31884e+08)
          (1024, 1.8549e+08)
          (2048, 6.68844e+08)
          (4096, 1.22123e+09)
          (8192, 1.82918e+09)
          (16384, 3.04847e+09)
          (32768, 3.91283e+09)
          (65536, 4.09626e+09)
          (131072, 3.36462e+09)
          (262144, 3.45893e+09)
          (524288, 2.1551e+09)
          (1048576, 1.28326e+09)
       };\addlegendentry{vol p=0}
       \addplot coordinates {
          (8, 3.52345e+06)
          (16, 9.48429e+06)
          (32, 1.78621e+07)
          (64, 2.60374e+07)
          (128, 4.9961e+07)
          (256, 1.17029e+08)
          (512, 2.08299e+08)
          (1024, 4.02912e+08)
          (2048, 7.12348e+08)
          (4096, 1.17045e+09)
          (8192, 2.02697e+09)
          (16384, 2.95687e+09)
          (32768, 3.37553e+09)
          (65536, 3.83173e+09)
          (131072, 4.05664e+09)
          (262144, 3.61391e+09)
          (524288, 2.21621e+09)
          (1048576, 1.23797e+09)
       };\addlegendentry{vol p=1}
       \addplot coordinates {
          (27, 7.80798e+06)
          (54, 2.4925e+07)
          (108, 4.75666e+07)
          (216, 8.64173e+07)
          (432, 1.728e+08)
          (864, 3.29143e+08)
          (1728, 5.68141e+08)
          (3456, 9.75858e+08)
          (6912, 1.56504e+09)
          (13824, 2.06729e+09)
          (27648, 2.96907e+09)
          (55296, 2.98913e+09)
          (110592, 3.3056e+09)
          (221184, 2.97658e+09)
          (442368, 2.36548e+09)
          (884736, 1.26102e+09)
          (1769472, 1.19163e+09)
       };\addlegendentry{vol p=2}
       \addplot coordinates {
          (64, 1.63411e+07)
          (128, 5.63752e+07)
          (256, 1.1275e+08)
          (512, 1.76796e+08)
          (1024, 3.09179e+08)
          (2048, 4.96545e+08)
          (4096, 7.22845e+08)
          (8192, 9.80667e+08)
          (16384, 1.16687e+09)
          (32768, 1.31627e+09)
          (65536, 1.33982e+09)
          (131072, 1.42092e+09)
          (262144, 1.4499e+09)
          (524288, 1.19799e+09)
          (1048576, 1.05004e+09)
       };\addlegendentry{vol p=3}
       \addplot coordinates {
          (125, 2.25571e+07)
          (250, 7.69349e+07)
          (500, 1.45455e+08)
          (1000, 3.38009e+08)
          (2000, 5.45479e+08)
          (4000, 9.0151e+08)
          (8000, 1.26322e+09)
          (16000, 1.58361e+09)
          (32000, 2.34518e+09)
          (64000, 2.18352e+09)
          (128000, 2.20623e+09)
          (256000, 2.66797e+09)
          (512000, 2.1804e+09)
          (1024000, 1.21553e+09)
       };\addlegendentry{vol p=4}
       \addplot coordinates {
          (216, 2.99667e+07)
          (432, 1.44e+08)
          (864, 3.39957e+08)
          (1728, 4.96694e+08)
          (3456, 7.64517e+08)
          (6912, 1.2154e+09)
          (13824, 1.66314e+09)
          (27648, 2.0835e+09)
          (55296, 2.30414e+09)
          (110592, 1.85555e+09)
          (221184, 2.66837e+09)
          (442368, 2.6258e+09)
          (884736, 1.32515e+09)
          (1769472, 1.25751e+09)
       };\addlegendentry{vol p=5}
       \addplot coordinates {
          (343, 3.03218e+07)
          (686, 2.03259e+08)
          (1372, 4.01581e+08)
          (2744, 6.21377e+08)
          (5488, 9.90346e+08)
          (10976, 1.42398e+09)
          (21952, 1.8231e+09)
          (43904, 2.14182e+09)
          (87808, 2.37869e+09)
          (175616, 2.45988e+09)
          (351232, 2.3352e+09)
          (702464, 1.42034e+09)
          (1404928, 1.31908e+09)
       };\addlegendentry{vol p=6}
  \end{axis}
\end{tikzpicture}

\begin{tikzpicture}[scale=0.9]
  \begin{axis}[
    title={Face Read Speed-of-Light Operator},
    xlabel={Number of DoFs},
    ylabel={Throughput [DoF/s]},
    legend pos=outer north east,
    grid=major, xmode=log, ymode=log, cycle list name=color list
  ]
       \addplot coordinates {
          (1, 303813)
          (2, 979672)
          (4, 1.82857e+06)
          (8, 3.3389e+06)
          (16, 6.29549e+06)
          (32, 1.16385e+07)
          (64, 2.27596e+07)
          (128, 3.61429e+07)
          (256, 5.25128e+07)
          (512, 6.31826e+07)
          (1024, 7.11358e+07)
          (2048, 7.99266e+07)
          (4096, 8.46403e+07)
          (8192, 7.98779e+07)
          (16384, 8.73187e+07)
          (32768, 8.83782e+07)
          (65536, 8.37102e+07)
          (131072, 8.57069e+07)
          (262144, 8.48069e+07)
          (524288, 7.53876e+07)
          (1048576, 8.3945e+07)
       };\addlegendentry{read p=0}
       \addplot coordinates {
          (8, 4.08476e+06)
          (16, 9.2539e+06)
          (32, 1.766e+07)
          (64, 2.5182e+07)
          (128, 4.20845e+07)
          (256, 7.49305e+07)
          (512, 1.03707e+08)
          (1024, 1.28008e+08)
          (2048, 1.51951e+08)
          (4096, 1.60244e+08)
          (8192, 1.65365e+08)
          (16384, 1.61263e+08)
          (32768, 1.65854e+08)
          (65536, 1.59303e+08)
          (131072, 1.57005e+08)
          (262144, 1.67648e+08)
          (524288, 1.61723e+08)
          (1048576, 1.06698e+08)
       };\addlegendentry{read p=1}
       \addplot coordinates {
          (27, 1.48966e+07)
          (54, 2.88e+07)
          (108, 4.58794e+07)
          (216, 7.14995e+07)
          (432, 1.31247e+08)
          (864, 1.97508e+08)
          (1728, 2.68448e+08)
          (3456, 3.22133e+08)
          (6912, 3.77901e+08)
          (13824, 4.1064e+08)
          (27648, 4.21197e+08)
          (55296, 4.33154e+08)
          (110592, 3.45126e+08)
          (221184, 4.41842e+08)
          (442368, 4.25302e+08)
          (884736, 4.08132e+08)
          (1769472, 3.47313e+08)
       };\addlegendentry{read p=2}
       \addplot coordinates {
          (64, 2.64846e+07)
          (128, 4.95548e+07)
          (256, 8.71489e+07)
          (512, 1.26701e+08)
          (1024, 1.6064e+08)
          (2048, 1.69796e+08)
          (4096, 1.76655e+08)
          (8192, 1.81802e+08)
          (16384, 1.80013e+08)
          (32768, 1.86149e+08)
          (65536, 1.85119e+08)
          (131072, 1.76237e+08)
          (262144, 8.63544e+07)
          (524288, 6.37651e+07)
          (1048576, 7.79475e+07)
       };\addlegendentry{read p=3}
       \addplot coordinates {
          (125, 5.65995e+07)
          (250, 8.95576e+07)
          (500, 1.42005e+08)
          (1000, 1.92012e+08)
          (2000, 2.35877e+08)
          (4000, 2.35884e+08)
          (8000, 2.35884e+08)
          (16000, 2.14179e+08)
          (32000, 2.35416e+08)
          (64000, 2.38043e+08)
          (128000, 2.2822e+08)
          (256000, 8.62312e+07)
          (512000, 2.29022e+08)
          (1024000, 2.25241e+08)
       };\addlegendentry{read p=4}
       \addplot coordinates {
          (216, 9.17587e+07)
          (432, 1.41061e+08)
          (864, 2.38345e+08)
          (1728, 3.25301e+08)
          (3456, 3.99746e+08)
          (6912, 4.12177e+08)
          (13824, 4.19991e+08)
          (27648, 4.39905e+08)
          (55296, 4.38304e+08)
          (110592, 4.51423e+08)
          (221184, 4.24732e+08)
          (442368, 4.28003e+08)
          (884736, 4.32149e+08)
          (1769472, 4.14694e+08)
       };\addlegendentry{read p=5}
       \addplot coordinates {
          (343, 1.21073e+08)
          (686, 1.77997e+08)
          (1372, 2.38609e+08)
          (2744, 3.43903e+08)
          (5488, 3.76342e+08)
          (10976, 3.63618e+08)
          (21952, 3.65888e+08)
          (43904, 3.65255e+08)
          (87808, 3.53047e+08)
          (175616, 3.44802e+08)
          (351232, 3.35725e+08)
          (702464, 3.24861e+08)
          (1404928, 3.39961e+08)
       };\addlegendentry{read p=6}
  \end{axis}
\end{tikzpicture}

\begin{tikzpicture}[scale=0.9]
  \begin{axis}[
    title={Face Write Speed-of-Light Operator},
    xlabel={Number of DoFs},
    ylabel={Throughput [DoF/s]},
    legend pos=outer north east,
    grid=major, xmode=log, ymode=log, cycle list name=color list
  ]
       \addplot coordinates {
          (1, 480077)
          (2, 872791)
          (4, 1.68421e+06)
          (8, 1.63415e+06)
          (16, 2.08144e+06)
          (32, 3.08463e+06)
          (64, 4.93123e+06)
          (128, 7.03026e+06)
          (256, 8.45163e+06)
          (512, 5.47869e+06)
          (1024, 1.49317e+07)
          (2048, 1.88008e+07)
          (4096, 3.2344e+07)
          (8192, 4.28786e+07)
          (16384, 4.36278e+07)
          (32768, 5.82426e+07)
          (65536, 5.78963e+07)
          (131072, 5.74848e+07)
          (262144, 5.92663e+07)
          (524288, 5.96002e+07)
          (1048576, 6.02639e+07)
       };\addlegendentry{write p=0}
       \addplot coordinates {
          (8, 3.83969e+06)
          (16, 7.83737e+06)
          (32, 8.12698e+06)
          (64, 8.17056e+06)
          (128, 1.17259e+07)
          (256, 1.4109e+07)
          (512, 2.07754e+07)
          (1024, 2.28098e+07)
          (2048, 2.81529e+07)
          (4096, 3.02166e+07)
          (8192, 3.10959e+07)
          (16384, 3.7806e+07)
          (32768, 5.34474e+07)
          (65536, 5.25501e+07)
          (131072, 5.49174e+07)
          (262144, 6.39183e+07)
          (524288, 6.45269e+07)
          (1048576, 6.63081e+07)
       };\addlegendentry{write p=1}
       \addplot coordinates {
          (27, 1.21131e+07)
          (54, 1.86496e+07)
          (108, 1.85153e+07)
          (216, 1.50922e+07)
          (432, 2.64503e+07)
          (864, 2.93728e+07)
          (1728, 3.19896e+07)
          (3456, 3.63891e+07)
          (6912, 3.80412e+07)
          (13824, 3.92843e+07)
          (27648, 3.93764e+07)
          (55296, 3.96748e+07)
          (110592, 6.36058e+07)
          (221184, 6.48909e+07)
          (442368, 6.7257e+07)
          (884736, 7.79123e+07)
          (1769472, 7.83013e+07)
       };\addlegendentry{write p=2}
       \addplot coordinates {
          (64, 2.06186e+07)
          (128, 2.7067e+07)
          (256, 3.61429e+07)
          (512, 2.76152e+07)
          (1024, 3.2002e+07)
          (2048, 2.13438e+07)
          (4096, 4.26971e+07)
          (8192, 4.4484e+07)
          (16384, 4.55507e+07)
          (32768, 4.76524e+07)
          (65536, 5.02727e+07)
          (131072, 4.9796e+07)
          (262144, 6.56668e+07)
          (524288, 6.89863e+07)
          (1048576, 7.04537e+07)
       };\addlegendentry{write p=3}
       \addplot coordinates {
          (125, 3.09291e+07)
          (250, 3.55038e+07)
          (500, 4.14525e+07)
          (1000, 2.73834e+07)
          (2000, 4.48415e+07)
          (4000, 4.64468e+07)
          (8000, 4.57115e+07)
          (16000, 4.94174e+07)
          (32000, 5.16177e+07)
          (64000, 5.00266e+07)
          (128000, 5.26532e+07)
          (256000, 5.36337e+07)
          (512000, 7.37869e+07)
          (1024000, 7.27477e+07)
       };\addlegendentry{write p=4}
       \addplot coordinates {
          (216, 4.32043e+07)
          (432, 4.3566e+07)
          (864, 5.01495e+07)
          (1728, 4.03446e+07)
          (3456, 3.52374e+07)
          (6912, 4.94922e+07)
          (13824, 5.34507e+07)
          (27648, 5.22328e+07)
          (55296, 5.49387e+07)
          (110592, 5.58044e+07)
          (221184, 5.67693e+07)
          (442368, 5.75589e+07)
          (884736, 7.57442e+07)
          (1769472, 7.59425e+07)
       };\addlegendentry{write p=5}
       \addplot coordinates {
          (343, 4.74511e+07)
          (686, 4.63154e+07)
          (1372, 4.57356e+07)
          (2744, 4.5358e+07)
          (5488, 5.07591e+07)
          (10976, 5.16954e+07)
          (21952, 5.37631e+07)
          (43904, 5.21198e+07)
          (87808, 1.96072e+07)
          (175616, 5.63345e+07)
          (351232, 5.82936e+07)
          (702464, 5.75908e+07)
          (1404928, 7.42929e+07)
       };\addlegendentry{write p=6}
  \end{axis}
\end{tikzpicture}

\begin{tikzpicture}[scale=0.9]
  \begin{axis}[
    title={Global Face Speed-of-Light Operator},
    xlabel={Number of DoFs},
    ylabel={Throughput [DoF/s]},
    legend pos=south east,
    grid=major, xmode=log, ymode=log, cycle list name=color list
  ]
       \addplot coordinates {
          (1, 179791)
          (2, 354264)
          (4, 758941)
          (8, 1.37646e+06)
          (16, 1.57713e+06)
          (32, 2.7382e+06)
          (64, 5.82958e+06)
          (128, 1.06303e+07)
          (256, 1.94751e+07)
          (512, 2.34518e+07)
          (1024, 3.3348e+07)
          (2048, 4.90568e+07)
          (4096, 6.71514e+07)
          (8192, 7.74551e+07)
          (16384, 8.03102e+07)
          (32768, 7.55938e+07)
          (65536, 9.04336e+07)
          (131072, 2.42098e+07)
          (262144, 3.42094e+07)
          (524288, 2.7392e+07)
          (1048576, 7.20762e+07)
       };\addlegendentry{write p=0}
       \addplot coordinates {
          (8, 1.38133e+06)
          (16, 227097)
          (32, 4.80048e+06)
          (64, 9.84691e+06)
          (128, 1.13576e+07)
          (256, 2.0863e+07)
          (512, 2.54157e+07)
          (1024, 3.38535e+07)
          (2048, 4.64821e+07)
          (4096, 5.16197e+07)
          (8192, 5.19471e+07)
          (16384, 4.13936e+07)
          (32768, 6.03752e+07)
          (65536, 6.3138e+07)
          (131072, 6.31678e+07)
          (262144, 6.76075e+07)
          (524288, 6.5382e+07)
          (1048576, 6.19562e+07)
       };\addlegendentry{write p=1}
       \addplot coordinates {
          (27, 4.71328e+06)
          (54, 8.10081e+06)
          (108, 1.30254e+07)
          (216, 2.25411e+07)
          (432, 2.83679e+07)
          (864, 3.81895e+07)
          (1728, 4.30901e+07)
          (3456, 5.2087e+07)
          (6912, 5.86108e+07)
          (13824, 6.07628e+07)
          (27648, 5.8443e+07)
          (55296, 6.45564e+07)
          (110592, 6.62341e+07)
          (221184, 6.98172e+07)
          (442368, 7.06761e+07)
          (884736, 7.10463e+07)
          (1769472, 7.10805e+07)
       };\addlegendentry{write p=2}
       \addplot coordinates {
          (64, 1.17259e+07)
          (128, 1.57548e+07)
          (256, 2.23434e+07)
          (512, 3.28142e+07)
          (1024, 4.19054e+07)
          (2048, 4.89835e+07)
          (4096, 5.66462e+07)
          (8192, 6.10999e+07)
          (16384, 5.2095e+07)
          (32768, 5.97719e+07)
          (65536, 6.49084e+07)
          (131072, 6.36908e+07)
          (262144, 6.90776e+07)
          (524288, 6.83029e+07)
          (1048576, 6.95574e+07)
       };\addlegendentry{write p=3}
       \addplot coordinates {
          (125, 2.29885e+07)
          (250, 2.45411e+07)
          (500, 3.2174e+07)
          (1000, 4.80515e+07)
          (2000, 5.42101e+07)
          (4000, 6.37699e+07)
          (8000, 6.76095e+07)
          (16000, 6.65205e+07)
          (32000, 6.69729e+07)
          (64000, 7.25238e+07)
          (128000, 7.17338e+07)
          (256000, 7.15913e+07)
          (512000, 7.68079e+07)
          (1024000, 7.69734e+07)
       };\addlegendentry{write p=4}
       \addplot coordinates {
          (216, 3.82606e+07)
          (432, 3.46195e+07)
          (864, 3.99178e+07)
          (1728, 5.72849e+07)
          (3456, 6.54168e+07)
          (6912, 7.36016e+07)
          (13824, 7.29302e+07)
          (27648, 7.34061e+07)
          (55296, 7.50223e+07)
          (110592, 7.74929e+07)
          (221184, 7.59149e+07)
          (442368, 7.57394e+07)
          (884736, 8.1416e+07)
          (1769472, 8.27432e+07)
       };\addlegendentry{write p=5}
       \addplot coordinates {
          (343, 6.38199e+07)
          (686, 4.14214e+07)
          (1372, 4.31026e+07)
          (2744, 5.97639e+07)
          (5488, 6.64415e+07)
          (10976, 7.13253e+07)
          (21952, 7.12721e+07)
          (43904, 7.31827e+07)
          (87808, 7.42698e+07)
          (175616, 7.6013e+07)
          (351232, 7.52577e+07)
          (702464, 6.91296e+07)
          (1404928, 6.77144e+07)
       };\addlegendentry{write p=6}
  \end{axis}
\end{tikzpicture}
