
4d mesh advection operator. 
Orders: 0-6
Quad pts: order + 1

 \begin{tikzpicture}[scale=0.9]
    \begin{axis}[
       title={4D Advection Operator Application Performance},
       xlabel={Number of dofs},
       ylabel={Throughput [DoF/s]},
       legend pos=outer north east,
       grid=major,
       xmode = log,
       ymode = log,
       cycle list name=color list,
       ]
       \addplot
       coordinates {
          (1, 363702)
          (2, 1.05485e+06)
          (4, 1.97922e+06)
          (8, 2.88757e+06)
          (16, 4.92383e+06)
          (32, 8.04222e+06)
          (64, 1.09721e+07)
          (128, 1.26953e+07)
          (256, 7.16134e+06)
          (512, 1.49863e+07)
          (1024, 1.50781e+07)
          (2048, 1.49589e+07)
          (4096, 1.50229e+07)
          (8192, 1.51008e+07)
          (16384, 7.31955e+06)
          (32768, 7.23887e+06)
          (65536, 8.82362e+06)
          (131072, 1.44966e+07)
          (262144, 1.44844e+07)
          (524288, 1.43748e+07)
          (1048576, 1.15552e+07)
       };
       \addlegendentry{p=0, q=1}
       \addplot
       coordinates {
          (16, 3.82135e+06)
          (32, 6.16927e+06)
          (64, 1.08557e+07)
          (128, 1.52091e+07)
          (256, 1.8287e+07)
          (512, 1.97729e+07)
          (1024, 1.99898e+07)
          (2048, 1.80983e+07)
          (4096, 1.79643e+07)
          (8192, 1.72738e+07)
          (16384, 1.68505e+07)
          (32768, 1.63361e+07)
          (65536, 1.61198e+07)
          (131072, 1.55852e+07)
          (262144, 1.54164e+07)
          (524288, 1.51862e+07)
          (1048576, 1.51623e+07)
       };
       \addlegendentry{p=1, q=2}
       \addplot
       coordinates {
          (81, 1.15723e+07)
          (162, 1.17827e+07)
          (324, 1.59846e+07)
          (648, 2.21865e+07)
          (1296, 2.16164e+07)
          (2592, 2.0515e+07)
          (5184, 1.89165e+07)
          (10368, 1.47443e+07)
          (20736, 1.59007e+07)
          (41472, 1.53193e+07)
          (82944, 1.46842e+07)
          (165888, 1.41513e+07)
          (331776, 1.42119e+07)
          (663552, 1.39706e+07)
          (1327104, 1.19522e+07)
       };
       \addlegendentry{p=2, q=3}
       \addplot
       coordinates {
          (256, 1.01226e+07)
          (512, 5.97701e+06)
          (1024, 2.21717e+07)
          (2048, 3.57882e+07)
          (4096, 3.45189e+07)
          (8192, 3.28e+07)
          (16384, 3.05476e+07)
          (32768, 2.61806e+07)
          (65536, 2.67942e+07)
          (131072, 2.61939e+07)
          (262144, 2.54451e+07)
          (524288, 2.47607e+07)
          (1048576, 2.38689e+07)
       };
       \addlegendentry{p=3, q=4}
       \addplot
       coordinates {
          (625, 1.05012e+07)
          (1250, 1.39673e+07)
          (2500, 1.94154e+07)
          (5000, 3.24958e+07)
          (10000, 2.65694e+07)
          (20000, 2.69846e+07)
          (40000, 2.5396e+07)
          (80000, 2.21837e+07)
          (160000, 2.14586e+07)
          (320000, 2.07805e+07)
          (640000, 2.02283e+07)
          (1280000, 1.96598e+07)
       };
       \addlegendentry{p=4, q=5}
       \addplot
       coordinates {
          (1296, 9.81721e+06)
          (2592, 1.31637e+07)
          (5184, 1.4099e+07)
          (10368, 3.13251e+07)
          (20736, 2.81533e+07)
          (41472, 2.60041e+07)
          (82944, 2.40337e+07)
          (165888, 2.10808e+07)
          (331776, 2.0654e+07)
          (663552, 1.99305e+07)
          (1327104, 1.71247e+07)
       };
       \addlegendentry{p=5, q=6}
       \addplot
       coordinates {
          (2401, 7.12372e+06)
          (4802, 2.52337e+06)
          (9604, 4.60191e+06)
          (19208, 2.50438e+07)
          (38416, 2.31729e+07)
          (76832, 2.24641e+07)
          (153664, 2.10768e+07)
          (307328, 1.91528e+07)
          (614656, 1.86072e+07)
          (1229312, 1.8032e+07)
       };
       \addlegendentry{p=6, q=7}
    \end{axis}
 \end{tikzpicture}
