
3d mesh mass operator. 
Orders: 0-6
Quad pts: order + 2

 \begin{tikzpicture}[scale=0.9]
    \begin{axis}[
       title={3D Mass Operator Application Performance},
       xlabel={Number of dofs},
       ylabel={Throughput [DoF/s]},
       legend pos=outer north east,
       grid=major,
       xmode = log,
       ymode = log,
       cycle list name=color list,
       ]
       \addplot
       coordinates {
          (1, 1301.38)
          (2, 55813.9)
          (4, 111332)
          (8, 222886)
          (16, 448186)
          (32, 891468)
          (64, 1.78619e+06)
          (128, 3.59448e+06)
          (256, 7.26608e+06)
          (512, 1.4595e+07)
          (1024, 2.85152e+07)
          (2048, 4.29766e+07)
          (4096, 5.3524e+07)
          (8192, 6.09431e+07)
          (16384, 6.65934e+07)
          (32768, 7.18309e+07)
          (65536, 7.67132e+07)
          (131072, 7.85748e+07)
          (262144, 3.37085e+07)
          (524288, 7.96367e+07)
          (1048576, 8.14573e+07)
       };
       \addlegendentry{p=0, q=2}
       \addplot
       coordinates {
          (8, 643885)
          (16, 1.33975e+06)
          (32, 2.75362e+06)
          (64, 5.44588e+06)
          (128, 1.05809e+07)
          (256, 1.55136e+07)
          (512, 3.12868e+07)
          (1024, 4.63423e+07)
          (2048, 6.55789e+07)
          (4096, 7.93617e+07)
          (8192, 8.63767e+07)
          (16384, 8.96994e+07)
          (32768, 9.68618e+07)
          (65536, 9.73271e+07)
          (131072, 9.70819e+07)
          (262144, 1.00511e+08)
          (524288, 9.98984e+07)
          (1048576, 9.82675e+07)
       };
       \addlegendentry{p=1, q=3}
       \addplot
       coordinates {
          (27, 2.23192e+06)
          (54, 4.58682e+06)
          (108, 9.04782e+06)
          (216, 1.65372e+07)
          (432, 2.03425e+07)
          (864, 4.71234e+07)
          (1728, 6.81682e+07)
          (3456, 8.69311e+07)
          (6912, 1.01535e+08)
          (13824, 1.09999e+08)
          (27648, 1.15777e+08)
          (55296, 1.18544e+08)
          (110592, 1.20601e+08)
          (221184, 1.19198e+08)
          (442368, 1.19306e+08)
          (884736, 1.17561e+08)
          (1769472, 8.71477e+07)
       };
       \addlegendentry{p=2, q=4}
       \addplot
       coordinates {
          (64, 4.72968e+06)
          (128, 8.98696e+06)
          (256, 1.64575e+07)
          (512, 3.29339e+07)
          (1024, 5.05274e+07)
          (2048, 6.94294e+07)
          (4096, 8.53828e+07)
          (8192, 9.74834e+07)
          (16384, 1.04681e+08)
          (32768, 1.06678e+08)
          (65536, 1.03826e+08)
          (131072, 1.11755e+08)
          (262144, 1.10261e+08)
          (524288, 9.18509e+07)
          (1048576, 8.65917e+07)
       };
       \addlegendentry{p=3, q=5}
       \addplot
       coordinates {
          (125, 6.76057e+06)
          (250, 1.30001e+07)
          (500, 2.59841e+07)
          (1000, 4.73746e+07)
          (2000, 6.61407e+07)
          (4000, 6.78056e+07)
          (8000, 8.65381e+07)
          (16000, 9.31131e+07)
          (32000, 1.00756e+08)
          (64000, 5.62616e+07)
          (128000, 9.98103e+07)
          (256000, 1.04491e+08)
          (512000, 1.05408e+08)
          (1024000, 1.04814e+08)
       };
       \addlegendentry{p=4, q=6}
       \addplot
       coordinates {
          (216, 7.39124e+06)
          (432, 1.77051e+07)
          (864, 3.27352e+07)
          (1728, 6.74787e+07)
          (3456, 6.9761e+07)
          (6912, 8.78019e+07)
          (13824, 8.35611e+07)
          (27648, 1.14208e+08)
          (55296, 1.17565e+08)
          (110592, 1.19411e+08)
          (221184, 1.18405e+08)
          (442368, 1.17324e+08)
          (884736, 1.10479e+08)
          (1769472, 8.76381e+07)
       };
       \addlegendentry{p=5, q=7}
       \addplot
       coordinates {
          (343, 9.40111e+06)
          (686, 1.72026e+07)
          (1372, 3.89515e+07)
          (2744, 7.28038e+07)
          (5488, 8.42102e+07)
          (10976, 9.47646e+07)
          (21952, 9.9273e+07)
          (43904, 9.40457e+07)
          (87808, 1.0459e+08)
          (175616, 1.03758e+08)
          (351232, 1.04382e+08)
          (702464, 1.03645e+08)
          (1404928, 1.01916e+08)
       };
       \addlegendentry{p=6, q=8}
    \end{axis}
 \end{tikzpicture}
