
3D Speed-of-Light operator benchmarks

\begin{tikzpicture}[scale=0.9]
  \begin{axis}[
    title={Volume Speed-of-Light Operator},
    xlabel={Number of DoFs},
    ylabel={Throughput [DoF/s]},
    legend pos=outer north east,
    grid=major, xmode=log, ymode=log, cycle list name=color list
  ]
       \addplot coordinates {
          (1, 10966.3)
          (2, 612.581)
          (4, 111434)
          (8, 201683)
          (16, 340088)
          (32, 809158)
          (64, 1.78014e+06)
          (128, 3.55438e+06)
          (256, 7.14242e+06)
          (512, 1.40229e+07)
          (1024, 2.41944e+07)
          (2048, 5.49231e+07)
          (4096, 1.08649e+08)
          (8192, 1.11231e+08)
          (16384, 1.6423e+08)
          (32768, 1.81966e+08)
          (65536, 1.11457e+07)
          (131072, 2.17795e+08)
          (262144, 2.08006e+08)
          (524288, 2.08261e+08)
          (1048576, 1.77828e+08)
       };\addlegendentry{vol p=0}
       \addplot coordinates {
          (8, 646831)
          (16, 1.35257e+06)
          (32, 2.74799e+06)
          (64, 5.44175e+06)
          (128, 1.07287e+07)
          (256, 2.16085e+07)
          (512, 4.19729e+07)
          (1024, 8.52136e+07)
          (2048, 1.66389e+08)
          (4096, 2.73416e+08)
          (8192, 4.15571e+08)
          (16384, 4.59825e+08)
          (32768, 6.44973e+08)
          (65536, 7.34947e+08)
          (131072, 7.91914e+08)
          (262144, 8.22774e+08)
          (524288, 7.38889e+08)
          (1048576, 5.41875e+08)
       };\addlegendentry{vol p=1}
       \addplot coordinates {
          (27, 2.26085e+06)
          (54, 4.57527e+06)
          (108, 8.87532e+06)
          (216, 1.76384e+07)
          (432, 3.55882e+07)
          (864, 7.26369e+07)
          (1728, 1.42773e+08)
          (3456, 2.81531e+08)
          (6912, 4.40393e+08)
          (13824, 6.21271e+08)
          (27648, 7.63019e+08)
          (55296, 8.1016e+08)
          (110592, 8.94953e+08)
          (221184, 9.83721e+08)
          (442368, 1.02975e+09)
          (884736, 8.21272e+08)
          (1769472, 7.28102e+08)
       };\addlegendentry{vol p=2}
       \addplot coordinates {
          (64, 5.02121e+06)
          (128, 1.00565e+07)
          (256, 2.06637e+07)
          (512, 4.0226e+07)
          (1024, 8.53826e+07)
          (2048, 1.63233e+08)
          (4096, 2.64789e+08)
          (8192, 3.51294e+08)
          (16384, 4.47928e+08)
          (32768, 6.34199e+08)
          (65536, 7.01649e+08)
          (131072, 7.74044e+08)
          (262144, 8.05986e+08)
          (524288, 8.22432e+08)
          (1048576, 8.22445e+08)
       };\addlegendentry{vol p=3}
       \addplot coordinates {
          (125, 7.41328e+06)
          (250, 2.08144e+07)
          (500, 3.42677e+07)
          (1000, 8.31957e+07)
          (2000, 1.63717e+08)
          (4000, 2.92389e+08)
          (8000, 4.8228e+08)
          (16000, 6.72899e+08)
          (32000, 8.8662e+08)
          (64000, 9.96793e+08)
          (128000, 1.03465e+09)
          (256000, 1.11561e+09)
          (512000, 1.13319e+09)
          (1024000, 1.1414e+09)
       };\addlegendentry{vol p=4}
       \addplot coordinates {
          (216, 1.68482e+07)
          (432, 3.06383e+07)
          (864, 7.16507e+07)
          (1728, 1.40289e+08)
          (3456, 2.65747e+08)
          (6912, 4.7546e+08)
          (13824, 7.4479e+08)
          (27648, 9.77023e+08)
          (55296, 1.19878e+09)
          (110592, 1.12425e+09)
          (221184, 1.45825e+09)
          (442368, 1.47227e+09)
          (884736, 1.23916e+09)
          (1769472, 1.04779e+09)
       };\addlegendentry{vol p=5}
       \addplot coordinates {
          (343, 2.69042e+07)
          (686, 5.46247e+07)
          (1372, 1.12749e+08)
          (2744, 2.20483e+08)
          (5488, 4.09622e+08)
          (10976, 5.86835e+08)
          (21952, 9.84451e+08)
          (43904, 1.12653e+09)
          (87808, 1.46069e+09)
          (175616, 1.62608e+09)
          (351232, 1.68724e+09)
          (702464, 1.49983e+09)
          (1404928, 1.08514e+09)
       };\addlegendentry{vol p=6}
  \end{axis}
\end{tikzpicture}

\begin{tikzpicture}[scale=0.9]
  \begin{axis}[
    title={Face Read Speed-of-Light Operator},
    xlabel={Number of DoFs},
    ylabel={Throughput [DoF/s]},
    legend pos=outer north east,
    grid=major, xmode=log, ymode=log, cycle list name=color list
  ]
       \addplot coordinates {
          (1, 85091.9)
          (2, 168902)
          (4, 336532)
          (8, 666393)
          (16, 1.23087e+06)
          (32, 2.59545e+06)
          (64, 3.03539e+06)
          (128, 1.05602e+07)
          (256, 2.13669e+07)
          (512, 3.75729e+07)
          (1024, 6.03037e+07)
          (2048, 8.75222e+07)
          (4096, 1.10242e+08)
          (8192, 1.28549e+08)
          (16384, 1.02251e+08)
          (32768, 1.48636e+08)
          (65536, 1.4371e+08)
          (131072, 9.56187e+07)
          (262144, 9.11801e+07)
          (524288, 7.79674e+07)
          (1048576, 8.43879e+07)
       };\addlegendentry{read p=0}
       \addplot coordinates {
          (8, 673741)
          (16, 1.35666e+06)
          (32, 2.7487e+06)
          (64, 5.46945e+06)
          (128, 1.08753e+07)
          (256, 2.18167e+07)
          (512, 4.33804e+07)
          (1024, 8.39457e+07)
          (2048, 1.3478e+08)
          (4096, 1.93148e+08)
          (8192, 2.52569e+08)
          (16384, 2.93017e+08)
          (32768, 3.29838e+08)
          (65536, 2.82478e+08)
          (131072, 2.56156e+08)
          (262144, 2.5244e+08)
          (524288, 1.12366e+08)
          (1048576, 1.03891e+08)
       };\addlegendentry{read p=1}
       \addplot coordinates {
          (27, 1.79162e+06)
          (54, 4.43222e+06)
          (108, 8.87095e+06)
          (216, 1.79836e+07)
          (432, 3.51232e+07)
          (864, 6.99082e+07)
          (1728, 1.08656e+08)
          (3456, 1.85188e+08)
          (6912, 2.52432e+08)
          (13824, 2.87418e+08)
          (27648, 3.29252e+08)
          (55296, 3.21599e+08)
          (110592, 3.1257e+08)
          (221184, 2.31525e+08)
          (442368, 2.6003e+08)
          (884736, 2.04242e+08)
          (1769472, 2.16248e+08)
       };\addlegendentry{read p=2}
       \addplot coordinates {
          (64, 5.24532e+06)
          (128, 1.05967e+07)
          (256, 1.64292e+07)
          (512, 4.16475e+07)
          (1024, 5.43677e+07)
          (2048, 1.2373e+08)
          (4096, 1.76435e+08)
          (8192, 2.30664e+08)
          (16384, 2.5687e+08)
          (32768, 2.47282e+08)
          (65536, 2.49309e+08)
          (131072, 2.54273e+08)
          (262144, 2.29368e+08)
          (524288, 2.14724e+08)
          (1048576, 2.17598e+08)
       };\addlegendentry{read p=3}
       \addplot coordinates {
          (125, 1.03152e+07)
          (250, 2.00927e+07)
          (500, 4.20246e+07)
          (1000, 7.98927e+07)
          (2000, 1.26564e+08)
          (4000, 1.82922e+08)
          (8000, 2.19914e+08)
          (16000, 2.79325e+08)
          (32000, 2.90729e+08)
          (64000, 2.84811e+08)
          (128000, 2.92885e+08)
          (256000, 2.78548e+08)
          (512000, 2.73303e+08)
          (1024000, 2.61655e+08)
       };\addlegendentry{read p=4}
       \addplot coordinates {
          (216, 1.82321e+07)
          (432, 2.37857e+07)
          (864, 6.05988e+07)
          (1728, 1.1505e+08)
          (3456, 1.56659e+08)
          (6912, 2.37269e+08)
          (13824, 2.4045e+08)
          (27648, 2.90501e+08)
          (55296, 3.08266e+08)
          (110592, 3.06339e+08)
          (221184, 2.92872e+08)
          (442368, 2.93391e+08)
          (884736, 2.76146e+08)
          (1769472, 2.48903e+08)
       };\addlegendentry{read p=5}
       \addplot coordinates {
          (343, 2.80911e+07)
          (686, 5.75859e+07)
          (1372, 1.01258e+08)
          (2744, 1.63806e+08)
          (5488, 2.19382e+08)
          (10976, 2.79307e+08)
          (21952, 3.07597e+08)
          (43904, 3.2e+08)
          (87808, 3.2085e+08)
          (175616, 3.19656e+08)
          (351232, 2.93979e+08)
          (702464, 2.97823e+08)
          (1404928, 2.83897e+08)
       };\addlegendentry{read p=6}
  \end{axis}
\end{tikzpicture}

\begin{tikzpicture}[scale=0.9]
  \begin{axis}[
    title={Face Write Speed-of-Light Operator},
    xlabel={Number of DoFs},
    ylabel={Throughput [DoF/s]},
    legend pos=outer north east,
    grid=major, xmode=log, ymode=log, cycle list name=color list
  ]
       \addplot coordinates {
          (1, 77568.8)
          (2, 167428)
          (4, 340368)
          (8, 633868)
          (16, 1.01061e+06)
          (32, 1.64846e+06)
          (64, 1.89478e+06)
          (128, 3.27633e+06)
          (256, 4.35098e+06)
          (512, 5.28951e+06)
          (1024, 5.92487e+06)
          (2048, 6.3662e+06)
          (4096, 7.04221e+06)
          (8192, 7.25322e+06)
          (16384, 2.72474e+06)
          (32768, 8.42348e+06)
          (65536, 8.92241e+06)
          (131072, 1.21134e+07)
          (262144, 1.28818e+07)
          (524288, 1.65261e+07)
          (1048576, 2.06657e+07)
       };\addlegendentry{write p=0}
       \addplot coordinates {
          (8, 666060)
          (16, 1.35529e+06)
          (32, 2.35654e+06)
          (64, 4.51613e+06)
          (128, 5.3497e+06)
          (256, 8.9589e+06)
          (512, 1.15336e+07)
          (1024, 1.56207e+07)
          (2048, 1.87629e+07)
          (4096, 2.22426e+07)
          (8192, 2.43313e+07)
          (16384, 2.74997e+07)
          (32768, 2.98307e+07)
          (65536, 3.2393e+07)
          (131072, 3.61956e+07)
          (262144, 3.84725e+07)
          (524288, 3.00265e+07)
          (1048576, 3.88487e+07)
       };\addlegendentry{write p=1}
       \addplot coordinates {
          (27, 2.19893e+06)
          (54, 4.5915e+06)
          (108, 8.32746e+06)
          (216, 1.02953e+07)
          (432, 1.57445e+07)
          (864, 1.70942e+07)
          (1728, 2.05994e+07)
          (3456, 2.59976e+07)
          (6912, 2.67778e+07)
          (13824, 2.80103e+07)
          (27648, 2.97429e+07)
          (55296, 2.9731e+07)
          (110592, 3.23065e+07)
          (221184, 3.50643e+07)
          (442368, 3.65101e+07)
          (884736, 3.32785e+07)
          (1769472, 3.85066e+07)
       };\addlegendentry{write p=2}
       \addplot coordinates {
          (64, 5.09134e+06)
          (128, 9.85601e+06)
          (256, 1.64512e+07)
          (512, 1.80569e+07)
          (1024, 2.52341e+07)
          (2048, 2.77416e+07)
          (4096, 2.84163e+07)
          (8192, 2.99971e+07)
          (16384, 3.07782e+07)
          (32768, 3.10744e+07)
          (65536, 3.20924e+07)
          (131072, 1.46055e+07)
          (262144, 3.60724e+07)
          (524288, 3.44188e+07)
          (1048576, 3.66489e+07)
       };\addlegendentry{write p=3}
       \addplot coordinates {
          (125, 9.93929e+06)
          (250, 1.61708e+07)
          (500, 2.54644e+07)
          (1000, 2.01661e+07)
          (2000, 3.28537e+07)
          (4000, 3.41007e+07)
          (8000, 3.35923e+07)
          (16000, 3.67543e+07)
          (32000, 3.70738e+07)
          (64000, 3.83158e+07)
          (128000, 3.97049e+07)
          (256000, 2.30007e+07)
          (512000, 4.06611e+07)
          (1024000, 4.29234e+07)
       };\addlegendentry{write p=4}
       \addplot coordinates {
          (216, 1.66358e+07)
          (432, 2.28174e+07)
          (864, 3.19393e+07)
          (1728, 2.87141e+07)
          (3456, 3.57459e+07)
          (6912, 3.77142e+07)
          (13824, 3.48314e+07)
          (27648, 3.97047e+07)
          (55296, 4.18548e+07)
          (110592, 4.2317e+07)
          (221184, 4.43087e+07)
          (442368, 4.53715e+07)
          (884736, 3.91953e+07)
          (1769472, 4.77026e+07)
       };\addlegendentry{write p=5}
       \addplot coordinates {
          (343, 2.31301e+07)
          (686, 2.79887e+07)
          (1372, 3.75309e+07)
          (2744, 3.28393e+07)
          (5488, 4.26949e+07)
          (10976, 4.2558e+07)
          (21952, 4.14752e+07)
          (43904, 4.60418e+07)
          (87808, 4.74477e+07)
          (175616, 4.70614e+07)
          (351232, 4.7976e+07)
          (702464, 3.79391e+07)
          (1404928, 4.80083e+07)
       };\addlegendentry{write p=6}
  \end{axis}
\end{tikzpicture}

\begin{tikzpicture}[scale=0.9]
  \begin{axis}[
    title={Global Face Speed-of-Light Operator},
    xlabel={Number of DoFs},
    ylabel={Throughput [DoF/s]},
    legend pos=south east,
    grid=major, xmode=log, ymode=log, cycle list name=color list
  ]
       \addplot coordinates {
          (1, 25908.1)
          (2, 54736.6)
          (4, 111019)
          (8, 209022)
          (16, 443528)
          (32, 869202)
          (64, 1.60049e+06)
          (128, 2.56433e+06)
          (256, 2.51119e+06)
          (512, 5.29618e+06)
          (1024, 6.70014e+06)
          (2048, 7.72478e+06)
          (4096, 8.27678e+06)
          (8192, 8.73792e+06)
          (16384, 8.80422e+06)
          (32768, 9.0723e+06)
          (65536, 8.77602e+06)
          (131072, 8.58846e+06)
          (262144, 7.79025e+06)
          (524288, 9.62953e+06)
          (1048576, 1.98929e+07)
       };\addlegendentry{write p=0}
       \addplot coordinates {
          (8, 221874)
          (16, 445808)
          (32, 873507)
          (64, 1.77572e+06)
          (128, 2.9454e+06)
          (256, 5.41605e+06)
          (512, 8.64902e+06)
          (1024, 1.25394e+07)
          (2048, 1.50328e+07)
          (4096, 1.83096e+07)
          (8192, 1.97636e+07)
          (16384, 2.25298e+07)
          (32768, 2.50262e+07)
          (65536, 2.88264e+07)
          (131072, 1.35125e+07)
          (262144, 3.25557e+07)
          (524288, 3.41622e+07)
          (1048576, 4.0076e+07)
       };\addlegendentry{write p=1}
       \addplot coordinates {
          (27, 755433)
          (54, 1.47861e+06)
          (108, 2.83324e+06)
          (216, 5.94301e+06)
          (432, 1.07656e+07)
          (864, 1.61401e+07)
          (1728, 2.13634e+07)
          (3456, 2.65595e+07)
          (6912, 2.896e+07)
          (13824, 2.79002e+07)
          (27648, 3.36557e+07)
          (55296, 3.51104e+07)
          (110592, 3.61282e+07)
          (221184, 3.657e+07)
          (442368, 2.66017e+07)
          (884736, 3.98423e+07)
          (1769472, 3.41151e+07)
       };\addlegendentry{write p=2}
       \addplot coordinates {
          (64, 1.75029e+06)
          (128, 3.50457e+06)
          (256, 6.77135e+06)
          (512, 1.34139e+07)
          (1024, 1.95752e+07)
          (2048, 2.71323e+07)
          (4096, 2.91554e+07)
          (8192, 3.10921e+07)
          (16384, 3.3276e+07)
          (32768, 3.36031e+07)
          (65536, 3.39361e+07)
          (131072, 3.44112e+07)
          (262144, 3.46267e+07)
          (524288, 3.47804e+07)
          (1048576, 3.1536e+07)
       };\addlegendentry{write p=3}
       \addplot coordinates {
          (125, 3.52526e+06)
          (250, 5.73544e+06)
          (500, 1.15928e+07)
          (1000, 2.07694e+07)
          (2000, 3.04773e+07)
          (4000, 3.70095e+07)
          (8000, 3.81996e+07)
          (16000, 3.77955e+07)
          (32000, 3.82305e+07)
          (64000, 3.91048e+07)
          (128000, 3.96031e+07)
          (256000, 4.1097e+07)
          (512000, 3.94881e+07)
          (1024000, 4.16422e+07)
       };\addlegendentry{write p=4}
       \addplot coordinates {
          (216, 5.84303e+06)
          (432, 1.00766e+07)
          (864, 1.73974e+07)
          (1728, 2.9568e+07)
          (3456, 3.95408e+07)
          (6912, 4.59807e+07)
          (13824, 4.16696e+07)
          (27648, 4.06492e+07)
          (55296, 4.60545e+07)
          (110592, 4.73864e+07)
          (221184, 4.74955e+07)
          (442368, 3.11875e+07)
          (884736, 4.72582e+07)
          (1769472, 4.55232e+07)
       };\addlegendentry{write p=5}
       \addplot coordinates {
          (343, 9.38503e+06)
          (686, 1.48461e+07)
          (1372, 2.26439e+07)
          (2744, 3.63546e+07)
          (5488, 4.64748e+07)
          (10976, 5.12997e+07)
          (21952, 4.51235e+07)
          (43904, 7.17415e+06)
          (87808, 4.82374e+07)
          (175616, 5.00156e+07)
          (351232, 4.6972e+07)
          (702464, 4.95714e+07)
          (1404928, 5.1778e+07)
       };\addlegendentry{write p=6}
  \end{axis}
\end{tikzpicture}
