
3d mesh advection operator. 
Orders: 0-6
Quad pts: order + 2

 \begin{tikzpicture}[scale=0.9]
    \begin{axis}[
       title={3D Advection Operator Application Performance},
       xlabel={Number of dofs},
       ylabel={Throughput [DoF/s]},
       legend pos=outer north east,
       grid=major,
       xmode = log,
       ymode = log,
       cycle list name=color list,
       ]
       \addplot
       coordinates {
          (1, 1026.12)
          (2, 45298.9)
          (4, 86299.2)
          (8, 134163)
          (16, 360303)
          (32, 723320)
          (64, 1.43726e+06)
          (128, 2.13733e+06)
          (256, 3.9332e+06)
          (512, 4.88434e+06)
          (1024, 5.26973e+06)
          (2048, 5.79866e+06)
          (4096, 6.10856e+06)
          (8192, 6.06339e+06)
          (16384, 6.16864e+06)
          (32768, 5.56026e+06)
          (65536, 6.07732e+06)
          (131072, 4.84738e+06)
          (262144, 5.86548e+06)
          (524288, 5.46048e+06)
          (1048576, 5.38534e+06)
       };
       \addlegendentry{p=0, q=2}
       \addplot
       coordinates {
          (8, 666722)
          (16, 1.35461e+06)
          (32, 2.24579e+06)
          (64, 4.39431e+06)
          (128, 6.89286e+06)
          (256, 9.6514e+06)
          (512, 1.19393e+07)
          (1024, 1.36724e+07)
          (2048, 1.44014e+07)
          (4096, 1.4658e+07)
          (8192, 1.51557e+07)
          (16384, 1.51302e+07)
          (32768, 1.48361e+07)
          (65536, 1.48105e+07)
          (131072, 9.34659e+06)
          (262144, 1.4493e+07)
          (524288, 1.4522e+07)
          (1048576, 1.28404e+07)
       };
       \addlegendentry{p=1, q=3}
       \addplot
       coordinates {
          (27, 2.05359e+06)
          (54, 3.32395e+06)
          (108, 6.0154e+06)
          (216, 9.89934e+06)
          (432, 1.1737e+07)
          (864, 1.4793e+07)
          (1728, 1.58471e+07)
          (3456, 1.64653e+07)
          (6912, 1.52037e+07)
          (13824, 1.63933e+07)
          (27648, 4.41932e+06)
          (55296, 1.61892e+07)
          (110592, 1.60607e+07)
          (221184, 1.60365e+07)
          (442368, 1.55565e+07)
          (884736, 1.43821e+07)
          (1769472, 1.40068e+07)
       };
       \addlegendentry{p=2, q=4}
       \addplot
       coordinates {
          (64, 3.53829e+06)
          (128, 5.74252e+06)
          (256, 1.00883e+07)
          (512, 1.66922e+07)
          (1024, 1.82775e+07)
          (2048, 2.01276e+07)
          (4096, 2.02858e+07)
          (8192, 2.09595e+07)
          (16384, 2.06054e+07)
          (32768, 1.99404e+07)
          (65536, 2.01813e+07)
          (131072, 1.99303e+07)
          (262144, 1.88921e+07)
          (524288, 1.73833e+07)
          (1048576, 1.911e+07)
       };
       \addlegendentry{p=3, q=5}
       \addplot
       coordinates {
          (125, 4.55469e+06)
          (250, 7.49258e+06)
          (500, 1.26564e+07)
          (1000, 1.60948e+07)
          (2000, 2.11378e+07)
          (4000, 2.22778e+07)
          (8000, 2.1985e+07)
          (16000, 2.23066e+07)
          (32000, 2.14859e+07)
          (64000, 2.12883e+07)
          (128000, 1.57468e+07)
          (256000, 1.71832e+07)
          (512000, 2.02321e+07)
          (1024000, 1.85357e+07)
       };
       \addlegendentry{p=4, q=6}
       \addplot
       coordinates {
          (216, 5.30337e+06)
          (432, 7.59146e+06)
          (864, 1.37694e+07)
          (1728, 2.28182e+07)
          (3456, 2.25677e+07)
          (6912, 2.21893e+07)
          (13824, 2.17794e+07)
          (27648, 2.1307e+07)
          (55296, 2.12324e+07)
          (110592, 2.09423e+07)
          (221184, 2.09141e+07)
          (442368, 2.04419e+07)
          (884736, 1.83173e+07)
          (1769472, 1.86185e+07)
       };
       \addlegendentry{p=5, q=7}
       \addplot
       coordinates {
          (343, 5.52184e+06)
          (686, 7.5167e+06)
          (1372, 1.30069e+07)
          (2744, 2.39259e+07)
          (5488, 2.23202e+07)
          (10976, 2.16796e+07)
          (21952, 2.08303e+07)
          (43904, 1.68949e+07)
          (87808, 2.03993e+07)
          (175616, 1.17334e+07)
          (351232, 1.98586e+07)
          (702464, 1.93837e+07)
          (1404928, 1.71873e+07)
       };
       \addlegendentry{p=6, q=8}
    \end{axis}
 \end{tikzpicture}
