
3D Speed-of-Light operator benchmarks

\begin{tikzpicture}[scale=0.9]
  \begin{axis}[
    title={Volume Speed-of-Light Operator},
    xlabel={Number of DoFs},
    ylabel={Throughput [DoF/s]},
    legend pos=outer north east,
    grid=major, xmode=log, ymode=log, cycle list name=color list
  ]
       \addplot coordinates {
          (1, 15346.5)
          (2, 31093.5)
          (4, 2440.03)
          (8, 138269)
          (16, 268553)
          (32, 554757)
          (64, 1.10348e+06)
          (128, 2.1994e+06)
          (256, 3.8362e+06)
          (512, 8.69752e+06)
          (1024, 1.68796e+07)
          (2048, 3.20682e+07)
          (4096, 5.43031e+07)
          (8192, 9.00144e+07)
          (16384, 1.56188e+08)
          (32768, 1.70221e+08)
          (65536, 2.38412e+08)
          (131072, 2.59429e+08)
          (262144, 2.6093e+08)
          (524288, 2.35947e+08)
          (1048576, 2.25667e+08)
       };\addlegendentry{vol p=0}
       \addplot coordinates {
          (8, 691234)
          (16, 1.38141e+06)
          (32, 2.66359e+06)
          (64, 5.29435e+06)
          (128, 1.11806e+07)
          (256, 2.10325e+07)
          (512, 4.31625e+07)
          (1024, 8.03389e+07)
          (2048, 1.54025e+08)
          (4096, 2.63419e+08)
          (8192, 4.09754e+08)
          (16384, 5.39964e+08)
          (32768, 6.42937e+08)
          (65536, 7.4833e+08)
          (131072, 8.34983e+08)
          (262144, 8.27159e+08)
          (524288, 8.45604e+08)
          (1048576, 6.59016e+08)
       };\addlegendentry{vol p=1}
       \addplot coordinates {
          (27, 2.32932e+06)
          (54, 4.4859e+06)
          (108, 9.53769e+06)
          (216, 1.84828e+07)
          (432, 3.71073e+07)
          (864, 7.2764e+07)
          (1728, 1.43195e+08)
          (3456, 2.71777e+08)
          (6912, 4.07119e+08)
          (13824, 7.15973e+08)
          (27648, 9.0807e+08)
          (55296, 9.81042e+08)
          (110592, 1.03282e+09)
          (221184, 1.10368e+09)
          (442368, 1.14452e+09)
          (884736, 9.90653e+08)
          (1769472, 7.74508e+08)
       };\addlegendentry{vol p=2}
       \addplot coordinates {
          (64, 4.999e+06)
          (128, 1.0718e+07)
          (256, 2.08439e+07)
          (512, 4.19113e+07)
          (1024, 8.64333e+07)
          (2048, 1.62922e+08)
          (4096, 3.14383e+08)
          (8192, 4.52752e+08)
          (16384, 6.01492e+08)
          (32768, 7.61002e+08)
          (65536, 8.14508e+08)
          (131072, 9.56765e+08)
          (262144, 9.60961e+08)
          (524288, 9.54919e+08)
          (1048576, 8.65571e+08)
       };\addlegendentry{vol p=3}
       \addplot coordinates {
          (125, 1.04721e+07)
          (250, 2.06659e+07)
          (500, 4.21298e+07)
          (1000, 7.92891e+07)
          (2000, 1.57722e+08)
          (4000, 2.09135e+08)
          (8000, 5.22084e+08)
          (16000, 7.65111e+08)
          (32000, 9.72229e+08)
          (64000, 1.00358e+09)
          (128000, 1.20707e+09)
          (256000, 1.25193e+09)
          (512000, 1.28108e+09)
          (1024000, 1.24666e+09)
       };\addlegendentry{vol p=4}
       \addplot coordinates {
          (216, 1.75404e+07)
          (432, 3.78326e+07)
          (864, 6.979e+07)
          (1728, 1.30367e+08)
          (3456, 2.59222e+08)
          (6912, 5.04586e+08)
          (13824, 8.28468e+08)
          (27648, 1.13119e+09)
          (55296, 1.31957e+09)
          (110592, 1.47902e+09)
          (221184, 4.44045e+07)
          (442368, 1.02131e+09)
          (884736, 1.32046e+09)
          (1769472, 1.09844e+09)
       };\addlegendentry{vol p=5}
       \addplot coordinates {
          (343, 2.73509e+07)
          (686, 4.04057e+07)
          (1372, 9.96173e+07)
          (2744, 1.78658e+08)
          (5488, 3.61307e+08)
          (10976, 6.91458e+08)
          (21952, 1.02808e+09)
          (43904, 1.40853e+09)
          (87808, 1.66343e+09)
          (175616, 1.85408e+09)
          (351232, 1.95954e+09)
          (702464, 1.562e+09)
          (1404928, 1.16201e+09)
       };\addlegendentry{vol p=6}
  \end{axis}
\end{tikzpicture}

\begin{tikzpicture}[scale=0.9]
  \begin{axis}[
    title={Face Read Speed-of-Light Operator},
    xlabel={Number of DoFs},
    ylabel={Throughput [DoF/s]},
    legend pos=outer north east,
    grid=major, xmode=log, ymode=log, cycle list name=color list
  ]
       \addplot coordinates {
          (1, 85156.6)
          (2, 169540)
          (4, 332864)
          (8, 513411)
          (16, 766527)
          (32, 2.31294e+06)
          (64, 5.36302e+06)
          (128, 1.06332e+07)
          (256, 2.00099e+07)
          (512, 3.74339e+07)
          (1024, 6.31709e+07)
          (2048, 9.91332e+07)
          (4096, 1.31924e+08)
          (8192, 1.53467e+08)
          (16384, 1.60425e+08)
          (32768, 1.69178e+08)
          (65536, 1.73682e+08)
          (131072, 1.04183e+08)
          (262144, 1.21554e+08)
          (524288, 1.06164e+08)
          (1048576, 1.10694e+08)
       };\addlegendentry{read p=0}
       \addplot coordinates {
          (8, 721473)
          (16, 1.4807e+06)
          (32, 2.87587e+06)
          (64, 5.6107e+06)
          (128, 1.0769e+07)
          (256, 2.13934e+07)
          (512, 4.14366e+07)
          (1024, 7.74634e+07)
          (2048, 1.35309e+08)
          (4096, 2.14154e+08)
          (8192, 2.7797e+08)
          (16384, 2.50362e+08)
          (32768, 3.8235e+08)
          (65536, 3.38423e+08)
          (131072, 2.93926e+08)
          (262144, 3.08809e+08)
          (524288, 2.8205e+08)
          (1048576, 2.50198e+08)
       };\addlegendentry{read p=1}
       \addplot coordinates {
          (27, 2.31743e+06)
          (54, 4.7168e+06)
          (108, 9.4164e+06)
          (216, 1.67819e+07)
          (432, 2.5987e+07)
          (864, 6.51689e+07)
          (1728, 1.15761e+08)
          (3456, 1.87338e+08)
          (6912, 2.78025e+08)
          (13824, 3.65594e+08)
          (27648, 4.03162e+08)
          (55296, 4.08867e+08)
          (110592, 4.25631e+08)
          (221184, 3.55625e+08)
          (442368, 3.41076e+08)
          (884736, 2.4558e+08)
          (1769472, 1.87445e+08)
       };\addlegendentry{read p=2}
       \addplot coordinates {
          (64, 5.52987e+06)
          (128, 1.09611e+07)
          (256, 1.99543e+07)
          (512, 3.44504e+07)
          (1024, 6.52428e+07)
          (2048, 1.06728e+08)
          (4096, 1.92957e+08)
          (8192, 2.65145e+08)
          (16384, 3.02997e+08)
          (32768, 3.24385e+08)
          (65536, 3.09997e+08)
          (131072, 3.08732e+08)
          (262144, 2.93603e+08)
          (524288, 2.72416e+08)
          (1048576, 2.69657e+08)
       };\addlegendentry{read p=3}
       \addplot coordinates {
          (125, 1.00103e+07)
          (250, 2.26616e+07)
          (500, 3.57934e+07)
          (1000, 6.03388e+07)
          (2000, 1.08518e+08)
          (4000, 1.88832e+08)
          (8000, 2.74196e+08)
          (16000, 3.05496e+08)
          (32000, 3.39303e+08)
          (64000, 3.57404e+08)
          (128000, 3.47096e+08)
          (256000, 3.46283e+08)
          (512000, 3.49949e+08)
          (1024000, 3.15898e+08)
       };\addlegendentry{read p=4}
       \addplot coordinates {
          (216, 1.90855e+07)
          (432, 3.71928e+07)
          (864, 5.115e+07)
          (1728, 7.91838e+07)
          (3456, 1.44351e+08)
          (6912, 2.44023e+08)
          (13824, 3.21826e+08)
          (27648, 3.70241e+08)
          (55296, 2.92881e+08)
          (110592, 3.84826e+08)
          (221184, 3.76592e+08)
          (442368, 7.09433e+07)
          (884736, 3.47394e+08)
          (1769472, 3.25444e+08)
       };\addlegendentry{read p=5}
       \addplot coordinates {
          (343, 2.93349e+07)
          (686, 5.89398e+07)
          (1372, 5.90458e+07)
          (2744, 8.6077e+07)
          (5488, 1.7445e+08)
          (10976, 2.84235e+08)
          (21952, 3.68473e+08)
          (43904, 3.97953e+08)
          (87808, 4.0554e+08)
          (175616, 3.70102e+08)
          (351232, 3.88237e+08)
          (702464, 3.80678e+08)
          (1404928, 3.57902e+08)
       };\addlegendentry{read p=6}
  \end{axis}
\end{tikzpicture}

\begin{tikzpicture}[scale=0.9]
  \begin{axis}[
    title={Face Write Speed-of-Light Operator},
    xlabel={Number of DoFs},
    ylabel={Throughput [DoF/s]},
    legend pos=outer north east,
    grid=major, xmode=log, ymode=log, cycle list name=color list
  ]
       \addplot coordinates {
          (1, 88497.8)
          (2, 175746)
          (4, 340194)
          (8, 572325)
          (16, 889252)
          (32, 1.40267e+06)
          (64, 2.01799e+06)
          (128, 2.95449e+06)
          (256, 3.87054e+06)
          (512, 4.57447e+06)
          (1024, 5.09154e+06)
          (2048, 5.7287e+06)
          (4096, 6.39156e+06)
          (8192, 6.63816e+06)
          (16384, 7.24242e+06)
          (32768, 8.14744e+06)
          (65536, 9.11192e+06)
          (131072, 1.17499e+07)
          (262144, 1.34805e+07)
          (524288, 1.85489e+07)
          (1048576, 2.80524e+07)
       };\addlegendentry{write p=0}
       \addplot coordinates {
          (8, 713812)
          (16, 1.45821e+06)
          (32, 2.63421e+06)
          (64, 4.40239e+06)
          (128, 6.12177e+06)
          (256, 8.83827e+06)
          (512, 1.10498e+07)
          (1024, 1.47394e+07)
          (2048, 1.91024e+07)
          (4096, 2.29651e+07)
          (8192, 2.24561e+07)
          (16384, 2.80219e+07)
          (32768, 3.18884e+07)
          (65536, 3.35699e+07)
          (131072, 3.92777e+07)
          (262144, 3.2364e+07)
          (524288, 4.31348e+07)
          (1048576, 4.27119e+07)
       };\addlegendentry{write p=1}
       \addplot coordinates {
          (27, 2.30564e+06)
          (54, 4.73278e+06)
          (108, 6.87457e+06)
          (216, 9.0007e+06)
          (432, 1.44917e+07)
          (864, 1.84663e+07)
          (1728, 2.19571e+07)
          (3456, 2.72838e+07)
          (6912, 2.95928e+07)
          (13824, 3.19539e+07)
          (27648, 3.27282e+07)
          (55296, 3.62128e+07)
          (110592, 3.66485e+07)
          (221184, 4.07585e+07)
          (442368, 4.49112e+07)
          (884736, 3.9722e+07)
          (1769472, 4.88897e+07)
       };\addlegendentry{write p=2}
       \addplot coordinates {
          (64, 5.51005e+06)
          (128, 1.01874e+07)
          (256, 1.19859e+07)
          (512, 1.58524e+07)
          (1024, 2.36603e+07)
          (2048, 2.76101e+07)
          (4096, 3.11508e+07)
          (8192, 2.92247e+07)
          (16384, 3.54619e+07)
          (32768, 3.65418e+07)
          (65536, 3.81697e+07)
          (131072, 3.94311e+07)
          (262144, 4.3517e+07)
          (524288, 4.1335e+07)
          (1048576, 4.23375e+07)
       };\addlegendentry{write p=3}
       \addplot coordinates {
          (125, 1.04331e+07)
          (250, 1.62866e+07)
          (500, 1.67045e+07)
          (1000, 2.03986e+07)
          (2000, 2.9277e+07)
          (4000, 3.34139e+07)
          (8000, 3.70548e+07)
          (16000, 4.18983e+07)
          (32000, 4.16451e+07)
          (64000, 4.39279e+07)
          (128000, 4.4493e+07)
          (256000, 4.84215e+07)
          (512000, 5.27239e+07)
          (1024000, 5.28409e+07)
       };\addlegendentry{write p=4}
       \addplot coordinates {
          (216, 1.78597e+07)
          (432, 2.32224e+07)
          (864, 1.69109e+07)
          (1728, 2.35397e+07)
          (3456, 3.27019e+07)
          (6912, 3.86948e+07)
          (13824, 4.19355e+07)
          (27648, 4.59188e+07)
          (55296, 4.67184e+07)
          (110592, 4.90131e+07)
          (221184, 2.62535e+07)
          (442368, 4.41548e+07)
          (884736, 5.87742e+07)
          (1769472, 6.1313e+07)
       };\addlegendentry{write p=5}
       \addplot coordinates {
          (343, 2.32093e+07)
          (686, 2.8427e+07)
          (1372, 2.03833e+07)
          (2744, 2.51619e+07)
          (5488, 3.66295e+07)
          (10976, 4.15566e+07)
          (21952, 4.57353e+07)
          (43904, 4.98709e+07)
          (87808, 5.18973e+07)
          (175616, 4.92765e+07)
          (351232, 3.46112e+07)
          (702464, 5.84836e+07)
          (1404928, 6.01623e+07)
       };\addlegendentry{write p=6}
  \end{axis}
\end{tikzpicture}

\begin{tikzpicture}[scale=0.9]
  \begin{axis}[
    title={Global Face Speed-of-Light Operator},
    xlabel={Number of DoFs},
    ylabel={Throughput [DoF/s]},
    legend pos=south east,
    grid=major, xmode=log, ymode=log, cycle list name=color list
  ]
       \addplot coordinates {
          (1, 28004.5)
          (2, 59940.6)
          (4, 112874)
          (8, 227602)
          (16, 433129)
          (32, 834849)
          (64, 1.43e+06)
          (128, 2.2671e+06)
          (256, 3.50399e+06)
          (512, 4.64123e+06)
          (1024, 5.63373e+06)
          (2048, 6.40682e+06)
          (4096, 7.12076e+06)
          (8192, 6.9587e+06)
          (16384, 8.07864e+06)
          (32768, 8.42427e+06)
          (65536, 8.83329e+06)
          (131072, 8.68212e+06)
          (262144, 9.33398e+06)
          (524288, 1.00098e+07)
          (1048576, 1.74492e+07)
       };\addlegendentry{write p=0}
       \addplot coordinates {
          (8, 225748)
          (16, 453363)
          (32, 407552)
          (64, 1.9008e+06)
          (128, 3.32443e+06)
          (256, 5.6792e+06)
          (512, 8.63077e+06)
          (1024, 1.26388e+07)
          (2048, 1.64087e+07)
          (4096, 1.94704e+07)
          (8192, 1.44733e+06)
          (16384, 2.46467e+07)
          (32768, 2.80093e+07)
          (65536, 3.06559e+07)
          (131072, 3.29876e+07)
          (262144, 3.60097e+07)
          (524288, 3.83242e+07)
          (1048576, 4.61222e+07)
       };\addlegendentry{write p=1}
       \addplot coordinates {
          (27, 782873)
          (54, 1.59984e+06)
          (108, 3.11857e+06)
          (216, 5.35421e+06)
          (432, 7.5606e+06)
          (864, 1.52499e+07)
          (1728, 1.7907e+07)
          (3456, 2.70015e+07)
          (6912, 3.07623e+07)
          (13824, 3.56123e+07)
          (27648, 3.88034e+07)
          (55296, 4.05676e+07)
          (110592, 4.46929e+07)
          (221184, 4.55293e+07)
          (442368, 3.03449e+07)
          (884736, 5.03348e+07)
          (1769472, 4.56582e+07)
       };\addlegendentry{write p=2}
       \addplot coordinates {
          (64, 1.67974e+06)
          (128, 3.88751e+06)
          (256, 7.2282e+06)
          (512, 1.0155e+07)
          (1024, 1.67539e+07)
          (2048, 2.52562e+07)
          (4096, 3.10566e+07)
          (8192, 2.8694e+07)
          (16384, 1.91329e+07)
          (32768, 3.93177e+07)
          (65536, 4.03898e+07)
          (131072, 1.60072e+07)
          (262144, 4.20837e+07)
          (524288, 4.25684e+07)
          (1048576, 4.45656e+07)
       };\addlegendentry{write p=3}
       \addplot coordinates {
          (125, 3.55268e+06)
          (250, 6.91071e+06)
          (500, 1.19744e+07)
          (1000, 1.35391e+07)
          (2000, 2.30962e+07)
          (4000, 3.49001e+07)
          (8000, 4.00473e+07)
          (16000, 4.33247e+07)
          (32000, 4.50984e+07)
          (64000, 4.48766e+07)
          (128000, 4.56676e+07)
          (256000, 4.72929e+07)
          (512000, 3.38179e+07)
          (1024000, 4.93977e+07)
       };\addlegendentry{write p=4}
       \addplot coordinates {
          (216, 6.06414e+06)
          (432, 1.06722e+07)
          (864, 1.76009e+07)
          (1728, 1.84569e+07)
          (3456, 2.75387e+07)
          (6912, 4.09878e+07)
          (13824, 4.43777e+07)
          (27648, 5.00213e+07)
          (55296, 5.14562e+07)
          (110592, 5.35797e+07)
          (221184, 5.58702e+07)
          (442368, 5.69631e+07)
          (884736, 5.89577e+07)
          (1769472, 5.24684e+07)
       };\addlegendentry{write p=5}
       \addplot coordinates {
          (343, 9.77998e+06)
          (686, 1.60046e+07)
          (1372, 2.31173e+07)
          (2744, 2.1719e+07)
          (5488, 3.13183e+07)
          (10976, 4.60809e+07)
          (21952, 4.88892e+07)
          (43904, 5.48647e+07)
          (87808, 5.23338e+07)
          (175616, 5.92515e+07)
          (351232, 5.93016e+07)
          (702464, 4.35932e+07)
          (1404928, 5.90546e+07)
       };\addlegendentry{write p=6}
  \end{axis}
\end{tikzpicture}
