
3d mesh advection operator. 
Orders: 0-6
Quad pts: order + 2

 \begin{tikzpicture}[scale=0.9]
    \begin{axis}[
       title={3D Advection Operator Application Performance},
       xlabel={Number of dofs},
       ylabel={Throughput [DoF/s]},
       legend pos=outer north east,
       grid=major,
       xmode = log,
       ymode = log,
       cycle list name=color list,
       ]
       \addplot
       coordinates {
          (1, 2534.37)
          (2, 37635.3)
          (4, 110790)
          (8, 218696)
          (16, 415329)
          (32, 821770)
          (64, 1.1762e+06)
          (128, 2.45149e+06)
          (256, 3.79657e+06)
          (512, 4.83464e+06)
          (1024, 5.79122e+06)
          (2048, 6.49094e+06)
          (4096, 6.69539e+06)
          (8192, 6.81995e+06)
          (16384, 6.90079e+06)
          (32768, 6.5131e+06)
          (65536, 8.17922e+06)
          (131072, 7.86179e+06)
          (262144, 6.99601e+06)
          (524288, 7.30175e+06)
          (1048576, 7.05996e+06)
       };
       \addlegendentry{p=0, q=2}
       \addplot
       coordinates {
          (8, 680905)
          (16, 1.31101e+06)
          (32, 1.61285e+06)
          (64, 3.12537e+06)
          (128, 5.38855e+06)
          (256, 1.06385e+07)
          (512, 1.40308e+07)
          (1024, 1.66509e+07)
          (2048, 1.84752e+07)
          (4096, 1.9332e+07)
          (8192, 1.99084e+07)
          (16384, 1.91631e+07)
          (32768, 1.99261e+07)
          (65536, 1.96189e+07)
          (131072, 1.83066e+07)
          (262144, 1.93562e+07)
          (524288, 1.65584e+07)
          (1048576, 1.82056e+07)
       };
       \addlegendentry{p=1, q=3}
       \addplot
       coordinates {
          (27, 41881.5)
          (54, 3.44773e+06)
          (108, 3.09121e+06)
          (216, 5.43316e+06)
          (432, 9.37143e+06)
          (864, 1.65523e+07)
          (1728, 1.98304e+07)
          (3456, 2.15252e+07)
          (6912, 2.11375e+07)
          (13824, 2.16116e+07)
          (27648, 2.16968e+07)
          (55296, 2.15338e+07)
          (110592, 1.07288e+07)
          (221184, 2.05962e+07)
          (442368, 2.11894e+07)
          (884736, 1.87933e+07)
          (1769472, 1.96293e+07)
       };
       \addlegendentry{p=2, q=4}
       \addplot
       coordinates {
          (64, 3.58548e+06)
          (128, 5.63417e+06)
          (256, 3.9794e+06)
          (512, 7.1258e+06)
          (1024, 1.13277e+07)
          (2048, 2.18547e+07)
          (4096, 2.48787e+07)
          (8192, 2.67426e+07)
          (16384, 2.62765e+07)
          (32768, 2.49182e+07)
          (65536, 2.56134e+07)
          (131072, 2.52194e+07)
          (262144, 1.84161e+07)
          (524288, 2.41262e+07)
          (1048576, 2.19598e+07)
       };
       \addlegendentry{p=3, q=5}
       \addplot
       coordinates {
          (125, 4.80642e+06)
          (250, 7.48855e+06)
          (500, 4.62171e+06)
          (1000, 7.97556e+06)
          (2000, 1.32659e+07)
          (4000, 2.36393e+07)
          (8000, 2.67111e+07)
          (16000, 2.7423e+07)
          (32000, 2.66215e+07)
          (64000, 2.5916e+07)
          (128000, 2.59349e+07)
          (256000, 2.53324e+07)
          (512000, 1.97649e+07)
          (1024000, 2.50062e+07)
       };
       \addlegendentry{p=4, q=6}
       \addplot
       coordinates {
          (216, 5.43642e+06)
          (432, 8.20642e+06)
          (864, 4.71516e+06)
          (1728, 8.07304e+06)
          (3456, 1.34443e+07)
          (6912, 2.38805e+07)
          (13824, 2.6264e+07)
          (27648, 2.66128e+07)
          (55296, 2.61355e+07)
          (110592, 2.48359e+07)
          (221184, 1.94472e+07)
          (442368, 1.9472e+07)
          (884736, 2.37019e+07)
          (1769472, 2.24452e+07)
       };
       \addlegendentry{p=5, q=7}
       \addplot
       coordinates {
          (343, 5.01488e+06)
          (686, 7.88379e+06)
          (1372, 4.68515e+06)
          (2744, 7.5845e+06)
          (5488, 1.36663e+07)
          (10976, 2.40535e+07)
          (21952, 2.60676e+07)
          (43904, 2.62419e+07)
          (87808, 9.39808e+06)
          (175616, 2.4583e+07)
          (351232, 2.39977e+07)
          (702464, 2.41999e+07)
          (1404928, 2.19502e+07)
       };
       \addlegendentry{p=6, q=8}
    \end{axis}
 \end{tikzpicture}
