
3d mesh mass operator. 
Orders: 0-6
Quad pts: order + 2

 \begin{tikzpicture}[scale=0.9]
    \begin{axis}[
       title={3D Mass Operator Application Performance},
       xlabel={Number of dofs},
       ylabel={Throughput [DoF/s]},
       legend pos=outer north east,
       grid=major,
       xmode = log,
       ymode = log,
       cycle list name=color list,
       ]
       \addplot
       coordinates {
          (1, 922.691)
          (2, 88114.9)
          (4, 174832)
          (8, 340841)
          (16, 693552)
          (32, 1.36857e+06)
          (64, 2.6872e+06)
          (128, 5.19901e+06)
          (256, 9.62225e+06)
          (512, 1.58684e+07)
          (1024, 2.52971e+07)
          (2048, 3.40769e+07)
          (4096, 4.41822e+07)
          (8192, 4.98981e+07)
          (16384, 5.24879e+07)
          (32768, 5.46616e+07)
          (65536, 5.65907e+07)
          (131072, 5.59165e+07)
          (262144, 6.74245e+07)
          (524288, 1.03719e+08)
          (1048576, 1.069e+08)
       };
       \addlegendentry{p=0, q=2}
       \addplot
       coordinates {
          (8, 648542)
          (16, 1.29928e+06)
          (32, 2.51352e+06)
          (64, 4.72444e+06)
          (128, 8.75103e+06)
          (256, 1.78767e+07)
          (512, 3.10552e+07)
          (1024, 4.99624e+07)
          (2048, 7.05611e+07)
          (4096, 8.86432e+07)
          (8192, 1.04223e+08)
          (16384, 1.13975e+08)
          (32768, 1.20886e+08)
          (65536, 1.10419e+08)
          (131072, 1.25162e+08)
          (262144, 1.23236e+08)
          (524288, 1.25639e+08)
          (1048576, 1.26427e+08)
       };
       \addlegendentry{p=1, q=3}
       \addplot
       coordinates {
          (27, 2.24073e+06)
          (54, 4.49922e+06)
          (108, 2.2846e+06)
          (216, 1.17124e+07)
          (432, 2.30455e+07)
          (864, 4.59961e+07)
          (1728, 7.04934e+07)
          (3456, 9.3881e+07)
          (6912, 1.11407e+08)
          (13824, 1.2438e+08)
          (27648, 1.30502e+08)
          (55296, 1.35039e+08)
          (110592, 1.36864e+08)
          (221184, 1.37341e+08)
          (442368, 1.37933e+08)
          (884736, 1.34219e+08)
          (1769472, 1.00965e+08)
       };
       \addlegendentry{p=2, q=4}
       \addplot
       coordinates {
          (64, 4.86114e+06)
          (128, 8.918e+06)
          (256, 9.64058e+06)
          (512, 1.8811e+07)
          (1024, 3.59551e+07)
          (2048, 7.11593e+07)
          (4096, 8.22594e+07)
          (8192, 1.08269e+08)
          (16384, 1.18346e+08)
          (32768, 1.21164e+08)
          (65536, 1.266e+08)
          (131072, 1.25565e+08)
          (262144, 1.24591e+08)
          (524288, 1.30546e+08)
          (1048576, 1.30417e+08)
       };
       \addlegendentry{p=3, q=5}
       \addplot
       coordinates {
          (125, 6.86889e+06)
          (250, 1.2974e+07)
          (500, 1.18045e+07)
          (1000, 2.33206e+07)
          (2000, 4.63996e+07)
          (4000, 9.1867e+07)
          (8000, 1.06481e+08)
          (16000, 1.19296e+08)
          (32000, 1.25116e+08)
          (64000, 1.2474e+08)
          (128000, 1.26641e+08)
          (256000, 1.31626e+08)
          (512000, 1.32102e+08)
          (1024000, 1.32172e+08)
       };
       \addlegendentry{p=4, q=6}
       \addplot
       coordinates {
          (216, 9.48283e+06)
          (432, 1.78861e+07)
          (864, 1.28714e+07)
          (1728, 2.5313e+07)
          (3456, 5.00413e+07)
          (6912, 9.941e+07)
          (13824, 1.07898e+08)
          (27648, 1.15808e+08)
          (55296, 1.19694e+08)
          (110592, 1.22345e+08)
          (221184, 1.15242e+08)
          (442368, 1.24225e+08)
          (884736, 1.20741e+08)
          (1769472, 1.23523e+08)
       };
       \addlegendentry{p=5, q=7}
       \addplot
       coordinates {
          (343, 3.0954e+06)
          (686, 1.93791e+07)
          (1372, 1.16772e+07)
          (2744, 2.68892e+07)
          (5488, 5.32304e+07)
          (10976, 1.03815e+08)
          (21952, 1.12504e+08)
          (43904, 1.1765e+08)
          (87808, 1.20928e+08)
          (175616, 5.32557e+07)
          (351232, 7.03406e+07)
          (702464, 1.23078e+08)
          (1404928, 1.09363e+08)
       };
       \addlegendentry{p=6, q=8}
    \end{axis}
 \end{tikzpicture}
