
3d mesh mass operator. 
Orders: 0-6
Quad pts: order + 2

 \begin{tikzpicture}[scale=0.9]
    \begin{axis}[
       title={3D Mass Operator Application Performance},
       xlabel={Number of dofs},
       ylabel={Throughput [DoF/s]},
       legend pos=outer north east,
       grid=major,
       xmode = log,
       ymode = log,
       cycle list name=color list,
       ]
       \addplot
       coordinates {
          (1, 6451.49)
          (2, 9601.92)
          (4, 24148.4)
          (8, 16517.1)
          (16, 106407)
          (32, 214196)
          (64, 426184)
          (128, 123289)
          (256, 1.43483e+06)
          (512, 2.71556e+06)
          (1024, 4.77463e+06)
          (2048, 7.25517e+06)
          (4096, 1.00338e+07)
          (8192, 1.25283e+07)
          (16384, 1.46485e+07)
          (32768, 1.59514e+07)
          (65536, 1.80011e+07)
          (131072, 2.83518e+07)
          (262144, 3.21946e+07)
          (524288, 3.29469e+07)
          (1048576, 3.31707e+07)
       };
       \addlegendentry{p=0, q=2}
       \addplot
       coordinates {
          (8, 54927.5)
          (16, 108494)
          (32, 222414)
          (64, 430337)
          (128, 854586)
          (256, 1.65247e+06)
          (512, 3.15928e+06)
          (1024, 5.73463e+06)
          (2048, 9.34972e+06)
          (4096, 1.421e+07)
          (8192, 1.8213e+07)
          (16384, 2.23479e+07)
          (32768, 1.98355e+07)
          (65536, 2.64663e+07)
          (131072, 2.53554e+07)
          (262144, 2.38312e+07)
          (524288, 2.7123e+07)
          (1048576, 2.68863e+07)
       };
       \addlegendentry{p=1, q=3}
       \addplot
       coordinates {
          (27, 185460)
          (54, 356540)
          (108, 699042)
          (216, 1.40412e+06)
          (432, 2.63296e+06)
          (864, 4.90705e+06)
          (1728, 1.45767e+06)
          (3456, 1.2583e+07)
          (6912, 9.38281e+06)
          (13824, 1.80328e+07)
          (27648, 1.21574e+07)
          (55296, 2.50232e+07)
          (110592, 2.60824e+07)
          (221184, 2.65243e+07)
          (442368, 2.68217e+07)
          (884736, 2.69582e+07)
          (1769472, 2.68951e+07)
       };
       \addlegendentry{p=2, q=4}
       \addplot
       coordinates {
          (64, 436672)
          (128, 794269)
          (256, 1.57061e+06)
          (512, 3.00426e+06)
          (1024, 5.58723e+06)
          (2048, 9.82745e+06)
          (4096, 1.50003e+07)
          (8192, 2.03828e+07)
          (16384, 2.49831e+07)
          (32768, 2.79351e+07)
          (65536, 3.03455e+07)
          (131072, 2.8355e+07)
          (262144, 3.20326e+07)
          (524288, 3.39338e+07)
          (1048576, 3.42686e+07)
       };
       \addlegendentry{p=3, q=5}
       \addplot
       coordinates {
          (125, 868411)
          (250, 1.31855e+06)
          (500, 2.55113e+06)
          (1000, 4.7453e+06)
          (2000, 7.42674e+06)
          (4000, 2.71054e+06)
          (8000, 7.85092e+06)
          (16000, 1.16297e+07)
          (32000, 1.2735e+07)
          (64000, 1.85682e+07)
          (128000, 1.75333e+07)
          (256000, 1.94044e+07)
          (512000, 1.93473e+07)
          (1024000, 1.94049e+07)
       };
       \addlegendentry{p=4, q=6}
       \addplot
       coordinates {
          (216, 1.50385e+06)
          (432, 2.14868e+06)
          (864, 4.06538e+06)
          (1728, 7.71176e+06)
          (3456, 1.16157e+07)
          (6912, 1.76642e+07)
          (13824, 2.16844e+07)
          (27648, 2.43079e+07)
          (55296, 2.58103e+07)
          (110592, 2.57336e+07)
          (221184, 2.68777e+07)
          (442368, 2.71417e+07)
          (884736, 2.68669e+07)
          (1769472, 2.7081e+07)
       };
       \addlegendentry{p=5, q=7}
       \addplot
       coordinates {
          (343, 2.18273e+06)
          (686, 2.80169e+06)
          (1372, 5.33013e+06)
          (2744, 9.24709e+06)
          (5488, 1.33955e+07)
          (10976, 1.90259e+07)
          (21952, 2.17627e+07)
          (43904, 2.37235e+07)
          (87808, 2.35281e+07)
          (175616, 2.54463e+07)
          (351232, 2.56723e+07)
          (702464, 2.59482e+07)
          (1404928, 2.58519e+07)
       };
       \addlegendentry{p=6, q=8}
    \end{axis}
 \end{tikzpicture}
