
3d mesh advection operator. 
Orders: 0-6
Quad pts: order + 2

 \begin{tikzpicture}[scale=0.9]
    \begin{axis}[
       title={3D Advection Operator Application Performance},
       xlabel={Number of dofs},
       ylabel={Throughput [DoF/s]},
       legend pos=outer north east,
       grid=major,
       xmode = log,
       ymode = log,
       cycle list name=color list,
       ]
       \addplot
       coordinates {
          (1, 4724.08)
          (2, 2895.13)
          (4, 20863.6)
          (8, 42670.5)
          (16, 89154.9)
          (32, 40024.6)
          (64, 272736)
          (128, 453133)
          (256, 703015)
          (512, 963788)
          (1024, 1.39488e+06)
          (2048, 1.49267e+06)
          (4096, 2.0189e+06)
          (8192, 3.20057e+06)
          (16384, 4.17259e+06)
          (32768, 3.76925e+06)
          (65536, 4.26519e+06)
          (131072, 4.22683e+06)
          (262144, 4.24347e+06)
          (524288, 4.26587e+06)
          (1048576, 4.26653e+06)
       };
       \addlegendentry{p=0, q=2}
       \addplot
       coordinates {
          (8, 32331.7)
          (16, 102711)
          (32, 191683)
          (64, 379047)
          (128, 664706)
          (256, 1.06601e+06)
          (512, 1.59481e+06)
          (1024, 2.05569e+06)
          (2048, 2.31064e+06)
          (4096, 2.48337e+06)
          (8192, 2.60311e+06)
          (16384, 2.59865e+06)
          (32768, 2.49291e+06)
          (65536, 2.61658e+06)
          (131072, 2.57392e+06)
          (262144, 2.57126e+06)
          (524288, 2.57193e+06)
          (1048576, 2.56499e+06)
       };
       \addlegendentry{p=1, q=3}
       \addplot
       coordinates {
          (27, 183076)
          (54, 306608)
          (108, 540256)
          (216, 1.00903e+06)
          (432, 1.59833e+06)
          (864, 2.48564e+06)
          (1728, 2.78105e+06)
          (3456, 3.24578e+06)
          (6912, 3.42123e+06)
          (13824, 3.44421e+06)
          (27648, 3.49793e+06)
          (55296, 3.50607e+06)
          (110592, 3.46484e+06)
          (221184, 3.46395e+06)
          (442368, 3.45493e+06)
          (884736, 3.43065e+06)
          (1769472, 3.42207e+06)
       };
       \addlegendentry{p=2, q=4}
       \addplot
       coordinates {
          (64, 440351)
          (128, 546662)
          (256, 996299)
          (512, 1.88349e+06)
          (1024, 2.36972e+06)
          (2048, 3.39076e+06)
          (4096, 3.77861e+06)
          (8192, 4.03213e+06)
          (16384, 4.08875e+06)
          (32768, 4.15819e+06)
          (65536, 4.17414e+06)
          (131072, 4.06216e+06)
          (262144, 4.10963e+06)
          (524288, 4.13126e+06)
          (1048576, 4.1209e+06)
       };
       \addlegendentry{p=3, q=5}
       \addplot
       coordinates {
          (125, 823824)
          (250, 759534)
          (500, 1.22223e+06)
          (1000, 2.12826e+06)
          (2000, 2.49476e+06)
          (4000, 3.00195e+06)
          (8000, 3.00619e+06)
          (16000, 3.14816e+06)
          (32000, 3.11047e+06)
          (64000, 2.91912e+06)
          (128000, 3.08352e+06)
          (256000, 3.04943e+06)
          (512000, 3.02011e+06)
          (1024000, 3.01652e+06)
       };
       \addlegendentry{p=4, q=6}
       \addplot
       coordinates {
          (216, 1.29724e+06)
          (432, 982795)
          (864, 733144)
          (1728, 2.79709e+06)
          (3456, 3.49166e+06)
          (6912, 3.71694e+06)
          (13824, 4.04471e+06)
          (27648, 4.29226e+06)
          (55296, 4.23415e+06)
          (110592, 4.20692e+06)
          (221184, 4.1698e+06)
          (442368, 4.15822e+06)
          (884736, 4.13395e+06)
          (1769472, 4.12819e+06)
       };
       \addlegendentry{p=5, q=7}
       \addplot
       coordinates {
          (343, 1.91146e+06)
          (686, 1.86437e+06)
          (1372, 2.6588e+06)
          (2744, 4.56617e+06)
          (5488, 5.29465e+06)
          (10976, 4.81344e+06)
          (21952, 5.32601e+06)
          (43904, 6.0312e+06)
          (87808, 5.84614e+06)
          (175616, 5.76114e+06)
          (351232, 5.69444e+06)
          (702464, 5.61742e+06)
          (1404928, 5.5715e+06)
       };
       \addlegendentry{p=6, q=8}
    \end{axis}
 \end{tikzpicture}
