
3D Speed-of-Light operator benchmarks

\begin{tikzpicture}[scale=0.9]
  \begin{axis}[
    title={Volume Speed-of-Light Operator},
    xlabel={Number of DoFs},
    ylabel={Throughput [DoF/s]},
    legend pos=outer north east,
    grid=major, xmode=log, ymode=log, cycle list name=color list
  ]
       \addplot coordinates {
          (1, 5481.01)
          (2, 13774.7)
          (4, 11206.8)
          (8, 55476.1)
          (16, 105538)
          (32, 220815)
          (64, 377669)
          (128, 843606)
          (256, 411451)
          (512, 3.47685e+06)
          (1024, 7.01081e+06)
          (2048, 1.35771e+07)
          (4096, 2.65169e+07)
          (8192, 5.08397e+07)
          (16384, 8.30267e+07)
          (32768, 1.34203e+08)
          (65536, 1.82219e+08)
          (131072, 2.23958e+08)
          (262144, 2.6421e+08)
          (524288, 2.91572e+08)
          (1048576, 3.21398e+08)
       };\addlegendentry{vol p=0}
       \addplot coordinates {
          (8, 54706.1)
          (16, 110453)
          (32, 216861)
          (64, 425736)
          (128, 865680)
          (256, 1.77213e+06)
          (512, 3.47454e+06)
          (1024, 6.97287e+06)
          (2048, 1.38827e+07)
          (4096, 2.74893e+07)
          (8192, 4.83781e+07)
          (16384, 1.02511e+08)
          (32768, 1.8697e+08)
          (65536, 3.13614e+08)
          (131072, 4.92791e+08)
          (262144, 7.16391e+08)
          (524288, 8.90452e+08)
          (1048576, 9.64238e+08)
       };\addlegendentry{vol p=1}
       \addplot coordinates {
          (27, 185672)
          (54, 367457)
          (108, 732703)
          (216, 1.48864e+06)
          (432, 2.98923e+06)
          (864, 5.9179e+06)
          (1728, 1.17429e+07)
          (3456, 2.34982e+07)
          (6912, 4.65126e+07)
          (13824, 8.74212e+07)
          (27648, 1.71028e+08)
          (55296, 2.93647e+08)
          (110592, 4.10628e+08)
          (221184, 3.13559e+08)
          (442368, 3.31692e+08)
          (884736, 2.46901e+08)
          (1769472, 4.35715e+08)
       };\addlegendentry{vol p=2}
       \addplot coordinates {
          (64, 440121)
          (128, 723959)
          (256, 1.71963e+06)
          (512, 3.45715e+06)
          (1024, 6.71303e+06)
          (2048, 1.30843e+07)
          (4096, 2.43897e+07)
          (8192, 4.28744e+07)
          (16384, 6.95636e+07)
          (32768, 1.00252e+08)
          (65536, 1.27234e+08)
          (131072, 1.38479e+08)
          (262144, 1.50163e+08)
          (524288, 1.40658e+08)
          (1048576, 1.45986e+08)
       };\addlegendentry{vol p=3}
       \addplot coordinates {
          (125, 856771)
          (250, 1.69416e+06)
          (500, 3.3802e+06)
          (1000, 6.06543e+06)
          (2000, 1.32746e+07)
          (4000, 2.59404e+07)
          (8000, 5.05358e+07)
          (16000, 9.49005e+07)
          (32000, 1.65994e+08)
          (64000, 2.68479e+08)
          (128000, 2.88734e+08)
          (256000, 4.59712e+08)
          (512000, 5.26754e+08)
          (1024000, 5.60513e+08)
       };\addlegendentry{vol p=4}
       \addplot coordinates {
          (216, 1.47353e+06)
          (432, 2.99974e+06)
          (864, 5.83594e+06)
          (1728, 1.13553e+07)
          (3456, 2.25015e+07)
          (6912, 4.3635e+07)
          (13824, 8.05341e+07)
          (27648, 4.30445e+07)
          (55296, 2.31438e+08)
          (110592, 3.53131e+08)
          (221184, 4.50071e+08)
          (442368, 5.32875e+08)
          (884736, 5.67041e+08)
          (1769472, 5.71343e+08)
       };\addlegendentry{vol p=5}
       \addplot coordinates {
          (343, 2.15562e+06)
          (686, 4.58524e+06)
          (1372, 9.13649e+06)
          (2744, 1.78748e+07)
          (5488, 3.50477e+07)
          (10976, 6.61978e+07)
          (21952, 1.19464e+08)
          (43904, 2.05316e+08)
          (87808, 2.90425e+08)
          (175616, 4.19886e+08)
          (351232, 4.76128e+08)
          (702464, 5.83823e+08)
          (1404928, 6.08187e+08)
       };\addlegendentry{vol p=6}
  \end{axis}
\end{tikzpicture}

\begin{tikzpicture}[scale=0.9]
  \begin{axis}[
    title={Face Read Speed-of-Light Operator},
    xlabel={Number of DoFs},
    ylabel={Throughput [DoF/s]},
    legend pos=outer north east,
    grid=major, xmode=log, ymode=log, cycle list name=color list
  ]
       \addplot coordinates {
          (1, 6556.21)
          (2, 13805.5)
          (4, 27148.1)
          (8, 55156.3)
          (16, 111832)
          (32, 218941)
          (64, 433888)
          (128, 735020)
          (256, 1.69309e+06)
          (512, 3.25534e+06)
          (1024, 6.12597e+06)
          (2048, 1.08362e+07)
          (4096, 1.75459e+07)
          (8192, 2.48158e+07)
          (16384, 3.18906e+07)
          (32768, 3.56408e+07)
          (65536, 3.92202e+07)
          (131072, 3.9102e+07)
          (262144, 3.90907e+07)
          (524288, 3.72038e+07)
          (1048576, 4.01944e+07)
       };\addlegendentry{read p=0}
       \addplot coordinates {
          (8, 54575.1)
          (16, 107393)
          (32, 217907)
          (64, 421679)
          (128, 880225)
          (256, 1.69033e+06)
          (512, 3.29601e+06)
          (1024, 6.30651e+06)
          (2048, 1.09652e+07)
          (4096, 1.85938e+07)
          (8192, 2.74143e+07)
          (16384, 3.04325e+07)
          (32768, 4.33353e+07)
          (65536, 4.8237e+07)
          (131072, 5.01858e+07)
          (262144, 5.13281e+07)
          (524288, 5.13644e+07)
          (1048576, 5.0225e+07)
       };\addlegendentry{read p=1}
       \addplot coordinates {
          (27, 185650)
          (54, 203417)
          (108, 740039)
          (216, 973720)
          (432, 2.85765e+06)
          (864, 5.41956e+06)
          (1728, 1.01461e+07)
          (3456, 1.86972e+07)
          (6912, 3.20712e+07)
          (13824, 4.53714e+07)
          (27648, 6.51842e+07)
          (55296, 7.85276e+07)
          (110592, 7.97532e+07)
          (221184, 9.2246e+07)
          (442368, 9.50696e+07)
          (884736, 9.60232e+07)
          (1769472, 9.91729e+07)
       };\addlegendentry{read p=2}
       \addplot coordinates {
          (64, 435319)
          (128, 836893)
          (256, 1.63553e+06)
          (512, 3.19311e+06)
          (1024, 5.67551e+06)
          (2048, 9.7622e+06)
          (4096, 1.45258e+07)
          (8192, 1.90691e+07)
          (16384, 2.25816e+07)
          (32768, 2.44363e+07)
          (65536, 2.59482e+07)
          (131072, 2.60414e+07)
          (262144, 2.60757e+07)
          (524288, 2.53803e+07)
          (1048576, 2.62842e+07)
       };\addlegendentry{read p=3}
       \addplot coordinates {
          (125, 846668)
          (250, 1.32797e+06)
          (500, 2.56366e+06)
          (1000, 4.51075e+06)
          (2000, 5.85884e+06)
          (4000, 8.24061e+06)
          (8000, 8.80213e+06)
          (16000, 9.53971e+06)
          (32000, 9.57876e+06)
          (64000, 9.57565e+06)
          (128000, 9.05534e+06)
          (256000, 9.55785e+06)
          (512000, 9.42626e+06)
          (1024000, 9.41306e+06)
       };\addlegendentry{read p=4}
       \addplot coordinates {
          (216, 1.48556e+06)
          (432, 2.90094e+06)
          (864, 5.60345e+06)
          (1728, 1.10076e+07)
          (3456, 2.03916e+07)
          (6912, 3.72349e+07)
          (13824, 6.02825e+07)
          (27648, 8.79509e+07)
          (55296, 1.15062e+08)
          (110592, 1.31382e+08)
          (221184, 1.39378e+08)
          (442368, 1.42521e+08)
          (884736, 1.42318e+08)
          (1769472, 1.43023e+08)
       };\addlegendentry{read p=5}
       \addplot coordinates {
          (343, 2.29257e+06)
          (686, 4.02053e+06)
          (1372, 7.29309e+06)
          (2744, 1.29148e+07)
          (5488, 1.75566e+07)
          (10976, 2.50586e+07)
          (21952, 2.77292e+07)
          (43904, 3.00288e+07)
          (87808, 3.09436e+07)
          (175616, 3.07514e+07)
          (351232, 3.14581e+07)
          (702464, 3.09979e+07)
          (1404928, 3.06229e+07)
       };\addlegendentry{read p=6}
  \end{axis}
\end{tikzpicture}

\begin{tikzpicture}[scale=0.9]
  \begin{axis}[
    title={Face Write Speed-of-Light Operator},
    xlabel={Number of DoFs},
    ylabel={Throughput [DoF/s]},
    legend pos=outer north east,
    grid=major, xmode=log, ymode=log, cycle list name=color list
  ]
       \addplot coordinates {
          (1, 6732.77)
          (2, 13849)
          (4, 27833.4)
          (8, 55011.8)
          (16, 109152)
          (32, 214807)
          (64, 422201)
          (128, 778469)
          (256, 1.36924e+06)
          (512, 2.14642e+06)
          (1024, 2.91332e+06)
          (2048, 4.11258e+06)
          (4096, 4.82542e+06)
          (8192, 5.39108e+06)
          (16384, 5.75486e+06)
          (32768, 6.21669e+06)
          (65536, 6.54898e+06)
          (131072, 1.02343e+07)
          (262144, 1.12603e+07)
          (524288, 1.54684e+07)
          (1048576, 1.80929e+07)
       };\addlegendentry{write p=0}
       \addplot coordinates {
          (8, 49303.1)
          (16, 109606)
          (32, 219446)
          (64, 390408)
          (128, 846213)
          (256, 1.60009e+06)
          (512, 2.89083e+06)
          (1024, 5.0758e+06)
          (2048, 7.88333e+06)
          (4096, 1.09825e+07)
          (8192, 1.33813e+07)
          (16384, 1.65219e+07)
          (32768, 1.95568e+07)
          (65536, 1.91446e+07)
          (131072, 2.17877e+07)
          (262144, 2.37796e+07)
          (524288, 2.60067e+07)
          (1048576, 2.7796e+07)
       };\addlegendentry{write p=1}
       \addplot coordinates {
          (27, 181121)
          (54, 369892)
          (108, 753422)
          (216, 1.39162e+06)
          (432, 2.59409e+06)
          (864, 4.89563e+06)
          (1728, 7.73281e+06)
          (3456, 1.2033e+07)
          (6912, 1.61445e+07)
          (13824, 1.98884e+07)
          (27648, 2.25812e+07)
          (55296, 2.52675e+07)
          (110592, 2.78633e+07)
          (221184, 2.94406e+07)
          (442368, 3.0797e+07)
          (884736, 3.47355e+07)
          (1769472, 3.82264e+07)
       };\addlegendentry{write p=2}
       \addplot coordinates {
          (64, 433695)
          (128, 842087)
          (256, 1.62786e+06)
          (512, 3.11219e+06)
          (1024, 5.54214e+06)
          (2048, 9.18769e+06)
          (4096, 1.31895e+07)
          (8192, 1.76952e+07)
          (16384, 2.05765e+07)
          (32768, 2.23299e+07)
          (65536, 2.33629e+07)
          (131072, 2.44411e+07)
          (262144, 2.51783e+07)
          (524288, 2.76164e+07)
          (1048576, 3.18667e+07)
       };\addlegendentry{write p=3}
       \addplot coordinates {
          (125, 836002)
          (250, 1.64955e+06)
          (500, 3.05789e+06)
          (1000, 5.71675e+06)
          (2000, 9.57824e+06)
          (4000, 1.46748e+07)
          (8000, 1.84273e+07)
          (16000, 1.52947e+07)
          (32000, 2.55028e+07)
          (64000, 1.69084e+07)
          (128000, 2.68252e+07)
          (256000, 2.84498e+07)
          (512000, 3.01898e+07)
          (1024000, 3.40495e+07)
       };\addlegendentry{write p=4}
       \addplot coordinates {
          (216, 1.43934e+06)
          (432, 2.66814e+06)
          (864, 4.84578e+06)
          (1728, 8.59318e+06)
          (3456, 1.31199e+07)
          (6912, 1.84747e+07)
          (13824, 2.23068e+07)
          (27648, 2.6899e+07)
          (55296, 2.3658e+07)
          (110592, 2.93275e+07)
          (221184, 2.98521e+07)
          (442368, 3.24453e+07)
          (884736, 3.5251e+07)
          (1769472, 4.24244e+07)
       };\addlegendentry{write p=5}
       \addplot coordinates {
          (343, 2.30205e+06)
          (686, 3.81328e+06)
          (1372, 6.55983e+06)
          (2744, 1.16762e+07)
          (5488, 1.65044e+07)
          (10976, 2.27139e+07)
          (21952, 2.47309e+07)
          (43904, 2.92078e+07)
          (87808, 3.01144e+07)
          (175616, 3.1712e+07)
          (351232, 3.05547e+07)
          (702464, 3.36539e+07)
          (1404928, 3.89577e+07)
       };\addlegendentry{write p=6}
  \end{axis}
\end{tikzpicture}

\begin{tikzpicture}[scale=0.9]
  \begin{axis}[
    title={Global Face Speed-of-Light Operator},
    xlabel={Number of DoFs},
    ylabel={Throughput [DoF/s]},
    legend pos=south east,
    grid=major, xmode=log, ymode=log, cycle list name=color list
  ]
       \addplot coordinates {
          (1, 2268.77)
          (2, 4572.72)
          (4, 9045.66)
          (8, 17474.3)
          (16, 36846.5)
          (32, 72478.4)
          (64, 143436)
          (128, 284970)
          (256, 555052)
          (512, 1.02103e+06)
          (1024, 1.73585e+06)
          (2048, 2.64979e+06)
          (4096, 4.0152e+06)
          (8192, 4.89852e+06)
          (16384, 5.75087e+06)
          (32768, 6.13543e+06)
          (65536, 5.76414e+06)
          (131072, 6.8989e+06)
          (262144, 1.0047e+07)
          (524288, 1.75295e+07)
          (1048576, 2.43432e+07)
       };\addlegendentry{write p=0}
       \addplot coordinates {
          (8, 18334.3)
          (16, 36621.9)
          (32, 73471.4)
          (64, 146443)
          (128, 290403)
          (256, 553577)
          (512, 1.11806e+06)
          (1024, 2.13287e+06)
          (2048, 3.88107e+06)
          (4096, 6.39906e+06)
          (8192, 9.44059e+06)
          (16384, 1.25671e+07)
          (32768, 1.12509e+07)
          (65536, 1.62423e+07)
          (131072, 1.97118e+07)
          (262144, 1.8767e+07)
          (524288, 2.39351e+07)
          (1048576, 2.48639e+07)
       };\addlegendentry{write p=1}
       \addplot coordinates {
          (27, 40795.3)
          (54, 80985.8)
          (108, 192043)
          (216, 360412)
          (432, 665330)
          (864, 1.8473e+06)
          (1728, 3.47485e+06)
          (3456, 5.93675e+06)
          (6912, 9.86847e+06)
          (13824, 1.3936e+07)
          (27648, 1.78036e+07)
          (55296, 2.11996e+07)
          (110592, 2.35646e+07)
          (221184, 2.64978e+07)
          (442368, 2.7964e+07)
          (884736, 2.89463e+07)
          (1769472, 2.89214e+07)
       };\addlegendentry{write p=2}
       \addplot coordinates {
          (64, 145453)
          (128, 295091)
          (256, 539563)
          (512, 1.09206e+06)
          (1024, 2.10532e+06)
          (2048, 3.79091e+06)
          (4096, 6.36467e+06)
          (8192, 9.5739e+06)
          (16384, 1.2514e+07)
          (32768, 1.43725e+07)
          (65536, 1.09842e+07)
          (131072, 1.66169e+07)
          (262144, 1.69209e+07)
          (524288, 1.70992e+07)
          (1048576, 1.73017e+07)
       };\addlegendentry{write p=3}
       \addplot coordinates {
          (125, 282024)
          (250, 570603)
          (500, 1.11472e+06)
          (1000, 2.07709e+06)
          (2000, 3.9872e+06)
          (4000, 6.94115e+06)
          (8000, 1.16105e+07)
          (16000, 1.67342e+07)
          (32000, 2.0899e+07)
          (64000, 2.36463e+07)
          (128000, 2.42753e+07)
          (256000, 2.1353e+07)
          (512000, 2.70818e+07)
          (1024000, 2.81395e+07)
       };\addlegendentry{write p=4}
       \addplot coordinates {
          (216, 489332)
          (432, 993616)
          (864, 1.86697e+06)
          (1728, 3.39596e+06)
          (3456, 6.34231e+06)
          (6912, 1.07855e+07)
          (13824, 1.60604e+07)
          (27648, 2.12628e+07)
          (55296, 2.54801e+07)
          (110592, 2.77138e+07)
          (221184, 2.57257e+07)
          (442368, 3.08822e+07)
          (884736, 3.3748e+07)
          (1769472, 3.47129e+07)
       };\addlegendentry{write p=5}
       \addplot coordinates {
          (343, 780662)
          (686, 1.59351e+06)
          (1372, 2.68168e+06)
          (2744, 4.72161e+06)
          (5488, 8.78181e+06)
          (10976, 1.34853e+07)
          (21952, 1.87195e+07)
          (43904, 2.35578e+07)
          (87808, 2.60269e+07)
          (175616, 2.75318e+07)
          (351232, 2.82596e+07)
          (702464, 2.85286e+07)
          (1404928, 3.13186e+07)
       };\addlegendentry{write p=6}
  \end{axis}
\end{tikzpicture}
