
3d mesh advection operator. 
Orders: 0-6
Quad pts: order + 2

 \begin{tikzpicture}[scale=0.9]
    \begin{axis}[
       title={3D Advection Operator Application Performance},
       xlabel={Number of dofs},
       ylabel={Throughput [DoF/s]},
       legend pos=outer north east,
       grid=major,
       xmode = log,
       ymode = log,
       cycle list name=color list,
       ]
       \addplot
       coordinates {
          (1, 40035.2)
          (2, 81706)
          (4, 159210)
          (8, 317372)
          (16, 585845)
          (32, 1.02405e+06)
          (64, 1.67968e+06)
          (128, 2.40482e+06)
          (256, 3.0075e+06)
          (512, 3.16147e+06)
          (1024, 3.52843e+06)
          (2048, 1.0815e+06)
          (4096, 3.25667e+06)
          (8192, 3.54775e+06)
          (16384, 3.58372e+06)
          (32768, 6.68433e+06)
          (65536, 6.89286e+06)
          (131072, 6.50564e+06)
          (262144, 6.68742e+06)
          (524288, 6.74125e+06)
          (1048576, 6.63448e+06)
       };
       \addlegendentry{p=0, q=2}
       \addplot
       coordinates {
          (8, 2576.85)
          (16, 4816.68)
          (32, 16046.1)
          (64, 15985.9)
          (128, 35858.9)
          (256, 1.61226e+06)
          (512, 8.60244e+06)
          (1024, 2.43098e+06)
          (2048, 1.6567e+07)
          (4096, 1.6963e+07)
          (8192, 1.55331e+07)
          (16384, 1.66707e+07)
          (32768, 1.60575e+07)
          (65536, 1.5716e+07)
          (131072, 1.60973e+07)
          (262144, 1.64002e+07)
          (524288, 1.49501e+07)
          (1048576, 1.56459e+07)
       };
       \addlegendentry{p=1, q=3}
       \addplot
       coordinates {
          (27, 840506)
          (54, 4.90931e+06)
          (108, 8.64035e+06)
          (216, 1.46035e+07)
          (432, 3.81336e+06)
          (864, 1.84002e+07)
          (1728, 1.84658e+07)
          (3456, 1.77467e+07)
          (6912, 1.83544e+07)
          (13824, 1.74591e+07)
          (27648, 1.72593e+07)
          (55296, 1.79556e+07)
          (110592, 1.762e+07)
          (221184, 1.78311e+07)
          (442368, 1.76351e+07)
          (884736, 1.75464e+07)
          (1769472, 1.61404e+07)
       };
       \addlegendentry{p=2, q=4}
       \addplot
       coordinates {
          (64, 16007.2)
          (128, 64274.4)
          (256, 63448.7)
          (512, 1.8862e+07)
          (1024, 2.4262e+07)
          (2048, 2.35866e+07)
          (4096, 2.31861e+07)
          (8192, 2.26375e+07)
          (16384, 2.23043e+07)
          (32768, 2.24277e+07)
          (65536, 2.13292e+07)
          (131072, 2.13863e+07)
          (262144, 1.72851e+07)
          (524288, 2.08298e+07)
          (1048576, 2.08466e+07)
       };
       \addlegendentry{p=3, q=5}
       \addplot
       coordinates {
          (125, 6.19226e+06)
          (250, 9.25258e+06)
          (500, 1.56769e+07)
          (1000, 2.56013e+07)
          (2000, 2.74927e+07)
          (4000, 2.55264e+07)
          (8000, 2.46609e+07)
          (16000, 2.42598e+07)
          (32000, 2.38429e+07)
          (64000, 2.31219e+07)
          (128000, 2.35362e+07)
          (256000, 2.26912e+07)
          (512000, 2.29926e+07)
          (1024000, 2.28047e+07)
       };
       \addlegendentry{p=4, q=6}
       \addplot
       coordinates {
          (216, 6.74157e+06)
          (432, 9.59605e+06)
          (864, 1.61628e+07)
          (1728, 2.72409e+07)
          (3456, 2.78958e+07)
          (6912, 2.55108e+07)
          (13824, 2.45636e+07)
          (27648, 2.4033e+07)
          (55296, 2.28781e+07)
          (110592, 2.26316e+07)
          (221184, 2.28366e+07)
          (442368, 2.21216e+07)
          (884736, 2.22313e+07)
          (1769472, 1.64785e+07)
       };
       \addlegendentry{p=5, q=7}
       \addplot
       coordinates {
          (343, 435405)
          (686, 9.58931e+06)
          (1372, 1.60986e+07)
          (2744, 2.75505e+07)
          (5488, 2.69915e+07)
          (10976, 2.43653e+07)
          (21952, 2.22287e+07)
          (43904, 2.27592e+07)
          (87808, 2.22316e+07)
          (175616, 1.95094e+07)
          (351232, 2.14009e+07)
          (702464, 2.11991e+07)
          (1404928, 2.12721e+07)
       };
       \addlegendentry{p=6, q=8}
    \end{axis}
 \end{tikzpicture}
