
3D Speed-of-Light operator benchmarks

\begin{tikzpicture}[scale=0.9]
  \begin{axis}[
    title={Volume Speed-of-Light Operator},
    xlabel={Number of DoFs},
    ylabel={Throughput [DoF/s]},
    legend pos=outer north east,
    grid=major, xmode=log, ymode=log, cycle list name=color list
  ]
       \addplot coordinates {
          (1, 38805.6)
          (2, 81017.6)
          (4, 165241)
          (8, 329632)
          (16, 662677)
          (32, 1.29738e+06)
          (64, 2.7067e+06)
          (128, 5.14594e+06)
          (256, 1.07138e+07)
          (512, 2.11509e+07)
          (1024, 4.12023e+07)
          (2048, 7.99266e+07)
          (4096, 1.64534e+08)
          (8192, 2.9456e+08)
          (16384, 5.54638e+08)
          (32768, 9.48697e+08)
          (65536, 1.2962e+09)
          (131072, 1.79355e+09)
          (262144, 1.49484e+09)
          (524288, 1.41349e+09)
          (1048576, 1.10744e+09)
       };\addlegendentry{vol p=0}
       \addplot coordinates {
          (8, 615408)
          (16, 1.25697e+06)
          (32, 2.47353e+06)
          (64, 4.09076e+06)
          (128, 1.00396e+07)
          (256, 1.98527e+07)
          (512, 3.42773e+07)
          (1024, 7.6684e+07)
          (2048, 1.44363e+08)
          (4096, 2.41545e+08)
          (8192, 5.08709e+08)
          (16384, 7.69545e+08)
          (32768, 1.32514e+09)
          (65536, 1.58964e+09)
          (131072, 2.06967e+09)
          (262144, 7.93365e+08)
          (524288, 2.82529e+08)
          (1048576, 1.66508e+08)
       };\addlegendentry{vol p=1}
       \addplot coordinates {
          (27, 13972.1)
          (54, 1.08466e+07)
          (108, 2.20611e+07)
          (216, 4.48878e+07)
          (432, 8.93855e+07)
          (864, 1.63296e+08)
          (1728, 3.10652e+08)
          (3456, 5.54869e+08)
          (6912, 9.73041e+08)
          (13824, 1.5013e+09)
          (27648, 2.24571e+09)
          (55296, 2.79407e+09)
          (110592, 2.92971e+09)
          (221184, 1.53187e+09)
          (442368, 2.44274e+09)
          (884736, 1.31212e+09)
          (1769472, 1.32203e+09)
       };\addlegendentry{vol p=2}
       \addplot coordinates {
          (64, 1.1681e+07)
          (128, 2.48761e+07)
          (256, 4.97522e+07)
          (512, 9.75331e+07)
          (1024, 1.84106e+08)
          (2048, 3.29897e+08)
          (4096, 5.71548e+08)
          (8192, 9.10273e+08)
          (16384, 9.08154e+08)
          (32768, 1.80386e+09)
          (65536, 2.10852e+09)
          (131072, 2.35031e+09)
          (262144, 2.50719e+09)
          (524288, 1.93832e+09)
          (1048576, 1.23395e+09)
       };\addlegendentry{vol p=3}
       \addplot coordinates {
          (125, 1.74423e+07)
          (250, 4.61553e+07)
          (500, 8.88889e+07)
          (1000, 1.70823e+08)
          (2000, 3.4659e+08)
          (4000, 5.2753e+08)
          (8000, 9.36658e+08)
          (16000, 1.44914e+09)
          (32000, 1.83961e+09)
          (64000, 2.16194e+09)
          (128000, 2.43919e+09)
          (256000, 2.3555e+09)
          (512000, 2.2742e+09)
          (1024000, 1.23656e+09)
       };\addlegendentry{vol p=4}
       \addplot coordinates {
          (216, 4.13081e+07)
          (432, 9.46953e+07)
          (864, 1.88523e+08)
          (1728, 3.09511e+08)
          (3456, 5.4038e+08)
          (6912, 9.7876e+08)
          (13824, 1.27616e+09)
          (27648, 1.78865e+09)
          (55296, 2.13198e+09)
          (110592, 2.48418e+09)
          (221184, 2.53944e+09)
          (442368, 2.33606e+09)
          (884736, 1.30443e+09)
          (1769472, 1.29376e+09)
       };\addlegendentry{vol p=5}
       \addplot coordinates {
          (343, 5.5065e+07)
          (686, 1.08321e+08)
          (1372, 2.10413e+08)
          (2744, 3.96732e+08)
          (5488, 6.95079e+08)
          (10976, 1.11155e+09)
          (21952, 1.47378e+09)
          (43904, 1.85845e+09)
          (87808, 2.27223e+09)
          (175616, 2.30579e+09)
          (351232, 2.31657e+09)
          (702464, 1.38845e+09)
          (1404928, 1.31051e+09)
       };\addlegendentry{vol p=6}
  \end{axis}
\end{tikzpicture}

\begin{tikzpicture}[scale=0.9]
  \begin{axis}[
    title={Face Read Speed-of-Light Operator},
    xlabel={Number of DoFs},
    ylabel={Throughput [DoF/s]},
    legend pos=outer north east,
    grid=major, xmode=log, ymode=log, cycle list name=color list
  ]
       \addplot coordinates {
          (1, 212404)
          (2, 412074)
          (4, 827643)
          (8, 1.68439e+06)
          (16, 4.57208e+06)
          (32, 9.54085e+06)
          (64, 1.36548e+07)
          (128, 2.46747e+07)
          (256, 4.37308e+07)
          (512, 6.4675e+07)
          (1024, 9.4526e+07)
          (2048, 1.20623e+08)
          (4096, 1.4024e+08)
          (8192, 1.53728e+08)
          (16384, 1.6008e+08)
          (32768, 1.65608e+08)
          (65536, 1.47583e+08)
          (131072, 1.49758e+08)
          (262144, 1.56009e+08)
          (524288, 1.56694e+08)
          (1048576, 1.56832e+08)
       };\addlegendentry{read p=0}
       \addplot coordinates {
          (8, 1.42235e+06)
          (16, 3.7283e+06)
          (32, 7.34956e+06)
          (64, 1.63432e+07)
          (128, 3.55161e+07)
          (256, 6.50241e+07)
          (512, 1.08751e+08)
          (1024, 1.55552e+08)
          (2048, 2.21909e+08)
          (4096, 2.85784e+08)
          (8192, 3.18148e+08)
          (16384, 3.3581e+08)
          (32768, 3.52678e+08)
          (65536, 3.00639e+08)
          (131072, 3.04333e+08)
          (262144, 3.81899e+08)
          (524288, 3.59633e+08)
          (1048576, 3.04545e+08)
       };\addlegendentry{read p=1}
       \addplot coordinates {
          (27, 5.26881e+06)
          (54, 1.01647e+07)
          (108, 2.20611e+07)
          (216, 4.19743e+07)
          (432, 7.91499e+07)
          (864, 1.3554e+08)
          (1728, 2.06341e+08)
          (3456, 2.87509e+08)
          (6912, 3.60639e+08)
          (13824, 4.09873e+08)
          (27648, 3.59862e+08)
          (55296, 4.52034e+08)
          (110592, 3.50825e+08)
          (221184, 4.58713e+08)
          (442368, 2.58023e+08)
          (884736, 4.34333e+08)
          (1769472, 4.06045e+08)
       };\addlegendentry{read p=2}
       \addplot coordinates {
          (64, 1.20949e+07)
          (128, 2.22628e+07)
          (256, 4.93494e+07)
          (512, 9.6759e+07)
          (1024, 1.45859e+08)
          (2048, 1.92391e+08)
          (4096, 2.39196e+08)
          (8192, 2.75955e+08)
          (16384, 3.08663e+08)
          (32768, 2.66195e+08)
          (65536, 3.05783e+08)
          (131072, 3.31426e+08)
          (262144, 3.29473e+08)
          (524288, 2.66657e+08)
          (1048576, 2.31869e+08)
       };\addlegendentry{read p=3}
       \addplot coordinates {
          (125, 8.67092e+06)
          (250, 426795)
          (500, 7.54717e+07)
          (1000, 1.34084e+08)
          (2000, 2.06462e+08)
          (4000, 2.60884e+08)
          (8000, 2.94719e+08)
          (16000, 3.33497e+08)
          (32000, 1.89593e+08)
          (64000, 3.74243e+08)
          (128000, 3.47785e+08)
          (256000, 3.44944e+08)
          (512000, 3.74825e+08)
          (1024000, 3.60318e+08)
       };\addlegendentry{read p=4}
       \addplot coordinates {
          (216, 4.73425e+07)
          (432, 6.34175e+07)
          (864, 1.536e+08)
          (1728, 2.17715e+08)
          (3456, 2.94654e+08)
          (6912, 3.35819e+08)
          (13824, 3.40648e+08)
          (27648, 3.59084e+08)
          (55296, 3.55049e+08)
          (110592, 3.59984e+08)
          (221184, 3.56049e+08)
          (442368, 3.34048e+08)
          (884736, 3.37266e+08)
          (1769472, 3.40403e+08)
       };\addlegendentry{read p=5}
       \addplot coordinates {
          (343, 6.30863e+07)
          (686, 1.13557e+08)
          (1372, 1.92022e+08)
          (2744, 2.6772e+08)
          (5488, 3.29709e+08)
          (10976, 3.64367e+08)
          (21952, 3.64116e+08)
          (43904, 3.64872e+08)
          (87808, 3.67096e+08)
          (175616, 3.58769e+08)
          (351232, 3.60487e+08)
          (702464, 3.31896e+08)
          (1404928, 3.52368e+08)
       };\addlegendentry{read p=6}
  \end{axis}
\end{tikzpicture}

\begin{tikzpicture}[scale=0.9]
  \begin{axis}[
    title={Face Write Speed-of-Light Operator},
    xlabel={Number of DoFs},
    ylabel={Throughput [DoF/s]},
    legend pos=outer north east,
    grid=major, xmode=log, ymode=log, cycle list name=color list
  ]
       \addplot coordinates {
          (1, 202552)
          (2, 417406)
          (4, 905695)
          (8, 1.27582e+06)
          (16, 1.9298e+06)
          (32, 3.04776e+06)
          (64, 4.20265e+06)
          (128, 6.29549e+06)
          (256, 8.14897e+06)
          (512, 9.67983e+06)
          (1024, 1.2185e+07)
          (2048, 1.82257e+07)
          (4096, 3.8545e+07)
          (8192, 4.43333e+07)
          (16384, 4.5664e+07)
          (32768, 6.36974e+07)
          (65536, 6.29467e+07)
          (131072, 6.17919e+07)
          (262144, 6.59166e+07)
          (524288, 6.63595e+07)
          (1048576, 6.92953e+07)
       };\addlegendentry{write p=0}
       \addplot coordinates {
          (8, 1.75342e+06)
          (16, 3.7834e+06)
          (32, 6.56478e+06)
          (64, 8.98309e+06)
          (128, 1.23379e+07)
          (256, 1.51336e+07)
          (512, 2.08988e+07)
          (1024, 2.39894e+07)
          (2048, 2.97635e+07)
          (4096, 2.89356e+07)
          (8192, 3.23438e+07)
          (16384, 3.56725e+07)
          (32768, 5.65177e+07)
          (65536, 5.72615e+07)
          (131072, 5.79268e+07)
          (262144, 7.22379e+07)
          (524288, 7.03259e+07)
          (1048576, 7.02536e+07)
       };\addlegendentry{write p=1}
       \addplot coordinates {
          (27, 5.83847e+06)
          (54, 1.08e+07)
          (108, 1.4522e+07)
          (216, 1.75439e+07)
          (432, 2.35115e+07)
          (864, 2.6333e+07)
          (1728, 3.33526e+07)
          (3456, 3.4447e+07)
          (6912, 3.83664e+07)
          (13824, 3.69809e+07)
          (27648, 3.92794e+07)
          (55296, 3.98269e+07)
          (110592, 5.54004e+07)
          (221184, 5.58503e+07)
          (442368, 5.65238e+07)
          (884736, 7.08135e+07)
          (1769472, 7.14958e+07)
       };\addlegendentry{write p=2}
       \addplot coordinates {
          (64, 1.21431e+07)
          (128, 1.60421e+07)
          (256, 2.41909e+07)
          (512, 2.58985e+07)
          (1024, 3.39934e+07)
          (2048, 3.37486e+07)
          (4096, 3.94974e+07)
          (8192, 4.0653e+07)
          (16384, 4.51632e+07)
          (32768, 4.22971e+07)
          (65536, 4.35942e+07)
          (131072, 4.29215e+07)
          (262144, 5.64893e+07)
          (524288, 5.55895e+07)
          (1048576, 5.53359e+07)
       };\addlegendentry{write p=3}
       \addplot coordinates {
          (125, 1.84624e+07)
          (250, 1.84911e+07)
          (500, 2.77477e+07)
          (1000, 3.36389e+07)
          (2000, 4.63344e+07)
          (4000, 4.10629e+07)
          (8000, 4.54353e+07)
          (16000, 4.51045e+07)
          (32000, 4.8446e+07)
          (64000, 4.70879e+07)
          (128000, 4.58514e+07)
          (256000, 4.38768e+07)
          (512000, 5.82826e+07)
          (1024000, 5.74338e+07)
       };\addlegendentry{write p=4}
       \addplot coordinates {
          (216, 2.78728e+07)
          (432, 2.41125e+07)
          (864, 3.1372e+07)
          (1728, 2.31764e+07)
          (3456, 5.01651e+07)
          (6912, 4.42864e+07)
          (13824, 4.63916e+07)
          (27648, 4.85131e+07)
          (55296, 4.95926e+07)
          (110592, 4.93877e+07)
          (221184, 4.73196e+07)
          (442368, 4.52066e+07)
          (884736, 5.20529e+07)
          (1769472, 4.59865e+07)
       };\addlegendentry{write p=5}
       \addplot coordinates {
          (343, 3.23478e+07)
          (686, 2.90641e+07)
          (1372, 3.59299e+07)
          (2744, 4.80199e+07)
          (5488, 5.72069e+07)
          (10976, 5.24253e+07)
          (21952, 4.9356e+07)
          (43904, 5.01046e+07)
          (87808, 5.27323e+07)
          (175616, 4.98861e+07)
          (351232, 3.52327e+07)
          (702464, 4.62864e+07)
          (1404928, 6.02892e+07)
       };\addlegendentry{write p=6}
  \end{axis}
\end{tikzpicture}

\begin{tikzpicture}[scale=0.9]
  \begin{axis}[
    title={Global Face Speed-of-Light Operator},
    xlabel={Number of DoFs},
    ylabel={Throughput [DoF/s]},
    legend pos=south east,
    grid=major, xmode=log, ymode=log, cycle list name=color list
  ]
       \addplot coordinates {
          (1, 71324.1)
          (2, 218186)
          (4, 414701)
          (8, 790162)
          (16, 1.31514e+06)
          (32, 2.17887e+06)
          (64, 4.3576e+06)
          (128, 6.81939e+06)
          (256, 1.27079e+07)
          (512, 2.07405e+07)
          (1024, 2.67147e+07)
          (2048, 3.6875e+07)
          (4096, 5.10564e+07)
          (8192, 6.2647e+07)
          (16384, 7.27879e+07)
          (32768, 8.42001e+07)
          (65536, 8.62974e+07)
          (131072, 8.96814e+07)
          (262144, 9.27936e+07)
          (524288, 8.73542e+07)
          (1048576, 8.8712e+07)
       };\addlegendentry{write p=0}
       \addplot coordinates {
          (8, 633714)
          (16, 1.26949e+06)
          (32, 2.76769e+06)
          (64, 6.44058e+06)
          (128, 9.43814e+06)
          (256, 1.43727e+07)
          (512, 2.2242e+07)
          (1024, 2.82498e+07)
          (2048, 4.36734e+07)
          (4096, 5.49058e+07)
          (8192, 6.28274e+07)
          (16384, 6.4869e+07)
          (32768, 8.12261e+07)
          (65536, 8.16901e+07)
          (131072, 8.23531e+07)
          (262144, 8.75896e+07)
          (524288, 8.79935e+07)
          (1048576, 9.15959e+07)
       };\addlegendentry{write p=1}
       \addplot coordinates {
          (27, 1.91442e+06)
          (54, 5.56242e+06)
          (108, 7.98817e+06)
          (216, 1.37152e+07)
          (432, 1.91481e+07)
          (864, 2.96454e+07)
          (1728, 3.71301e+07)
          (3456, 3.61351e+07)
          (6912, 5.4446e+07)
          (13824, 5.7112e+07)
          (27648, 5.73813e+07)
          (55296, 6.19291e+07)
          (110592, 6.86072e+07)
          (221184, 6.89673e+07)
          (442368, 6.75459e+07)
          (884736, 7.29397e+07)
          (1769472, 7.20272e+07)
       };\addlegendentry{write p=2}
       \addplot coordinates {
          (64, 4.54449e+06)
          (128, 7.97955e+06)
          (256, 1.34595e+07)
          (512, 1.91113e+07)
          (1024, 3.15903e+07)
          (2048, 4.21204e+07)
          (4096, 4.71957e+07)
          (8192, 5.44498e+07)
          (16384, 5.89294e+07)
          (32768, 6.08301e+07)
          (65536, 6.12756e+07)
          (131072, 6.06659e+07)
          (262144, 6.60929e+07)
          (524288, 6.57654e+07)
          (1048576, 7.03135e+07)
       };\addlegendentry{write p=3}
       \addplot coordinates {
          (125, 9.53944e+06)
          (250, 1.59373e+07)
          (500, 2.07443e+07)
          (1000, 2.68622e+07)
          (2000, 4.11688e+07)
          (4000, 5.27788e+07)
          (8000, 5.80703e+07)
          (16000, 6.04994e+07)
          (32000, 6.24473e+07)
          (64000, 6.27111e+07)
          (128000, 6.29811e+07)
          (256000, 6.07332e+07)
          (512000, 6.80286e+07)
          (1024000, 7.20048e+07)
       };\addlegendentry{write p=4}
       \addplot coordinates {
          (216, 1.50706e+07)
          (432, 2.07583e+07)
          (864, 2.15338e+07)
          (1728, 3.15634e+07)
          (3456, 4.96398e+07)
          (6912, 6.10922e+07)
          (13824, 5.20337e+07)
          (27648, 6.38248e+07)
          (55296, 6.26083e+07)
          (110592, 6.57056e+07)
          (221184, 6.31584e+07)
          (442368, 6.1157e+07)
          (884736, 7.53556e+07)
          (1769472, 7.61767e+07)
       };\addlegendentry{write p=5}
       \addplot coordinates {
          (343, 2.45009e+07)
          (686, 2.71023e+07)
          (1372, 2.55667e+07)
          (2744, 3.42128e+07)
          (5488, 5.30482e+07)
          (10976, 5.96013e+07)
          (21952, 6.31025e+07)
          (43904, 6.58717e+07)
          (87808, 6.5647e+07)
          (175616, 6.38999e+07)
          (351232, 6.32887e+07)
          (702464, 6.50166e+07)
          (1404928, 7.066e+07)
       };\addlegendentry{write p=6}
  \end{axis}
\end{tikzpicture}
