
4d mesh mass operator. 
Orders: 0-6
Quad pts: order + 2

 \begin{tikzpicture}[scale=0.9]
    \begin{axis}[
       title={4D Mass Operator Application Performance},
       xlabel={Number of dofs},
       ylabel={Throughput [DoF/s]},
       legend pos=outer north east,
       grid=major,
       xmode = log,
       ymode = log,
       cycle list name=color list,
       ]
       \addplot
       coordinates {
          (1, 80137.8)
          (2, 170220)
          (4, 324886)
          (8, 655308)
          (16, 867844)
          (32, 2.48553e+06)
          (64, 4.53788e+06)
          (128, 7.67087e+06)
          (256, 1.26426e+07)
          (512, 1.81383e+07)
          (1024, 2.30555e+07)
          (2048, 2.6328e+07)
          (4096, 2.8674e+07)
          (8192, 2.99906e+07)
          (16384, 3.06449e+07)
          (32768, 3.09543e+07)
          (65536, 3.13033e+07)
          (131072, 3.14013e+07)
          (262144, 5.99948e+07)
          (524288, 6.18396e+07)
          (1048576, 6.23815e+07)
       };
       \addlegendentry{p=0, q=2}
       \addplot
       coordinates {
          (16, 2.66689e+06)
          (32, 4.83019e+06)
          (64, 1.05211e+07)
          (128, 1.9885e+07)
          (256, 3.31242e+07)
          (512, 4.74447e+07)
          (1024, 6.22985e+07)
          (2048, 7.38604e+07)
          (4096, 8.11796e+07)
          (8192, 8.46215e+07)
          (16384, 6.76128e+07)
          (32768, 8.73809e+07)
          (65536, 8.31519e+07)
          (131072, 8.92425e+07)
          (262144, 8.3854e+07)
          (524288, 8.71552e+07)
          (1048576, 8.82239e+07)
       };
       \addlegendentry{p=1, q=3}
       \addplot
       coordinates {
          (81, 7.7765e+06)
          (162, 1.48121e+07)
          (324, 3.04956e+07)
          (648, 5.89118e+07)
          (1296, 7.87483e+07)
          (2592, 9.25764e+07)
          (5184, 1.01074e+08)
          (10368, 1.07122e+08)
          (20736, 1.11178e+08)
          (41472, 1.12938e+08)
          (82944, 1.07163e+08)
          (165888, 1.13015e+08)
          (331776, 1.13644e+08)
          (663552, 1.12635e+08)
          (1327104, 1.10627e+08)
       };
       \addlegendentry{p=2, q=4}
       \addplot
       coordinates {
          (256, 1.18502e+07)
          (512, 2.31428e+07)
          (1024, 4.66813e+07)
          (2048, 8.64628e+07)
          (4096, 9.96545e+07)
          (8192, 1.07914e+08)
          (16384, 1.12273e+08)
          (32768, 1.14897e+08)
          (65536, 1.16042e+08)
          (131072, 1.04859e+08)
          (262144, 1.11276e+08)
          (524288, 1.16494e+08)
          (1048576, 1.13803e+08)
       };
       \addlegendentry{p=3, q=5}
       \addplot
       coordinates {
          (625, 1.21169e+07)
          (1250, 2.42337e+07)
          (2500, 4.87829e+07)
          (5000, 9.3865e+07)
          (10000, 1.02025e+08)
          (20000, 1.05744e+08)
          (40000, 1.02794e+08)
          (80000, 1.08895e+08)
          (160000, 1.09449e+08)
          (320000, 1.05664e+08)
          (640000, 1.07887e+08)
          (1280000, 1.07044e+08)
       };
       \addlegendentry{p=4, q=6}
       \addplot
       coordinates {
          (1296, 1.15462e+07)
          (2592, 2.30072e+07)
          (5184, 4.55176e+07)
          (10368, 8.66603e+07)
          (20736, 8.91037e+07)
          (41472, 9.08275e+07)
          (82944, 9.25998e+07)
          (165888, 8.82594e+07)
          (331776, 9.25761e+07)
          (663552, 9.21599e+07)
          (1327104, 9.25698e+07)
       };
       \addlegendentry{p=5, q=7}
       \addplot
       coordinates {
          (2401, 9.15731e+06)
          (4802, 1.54942e+07)
          (9604, 3.86434e+07)
          (19208, 7.21633e+07)
          (38416, 7.50228e+07)
          (76832, 7.57144e+07)
          (153664, 7.40974e+07)
          (307328, 7.55841e+07)
          (614656, 7.36958e+07)
          (1229312, 7.56717e+07)
       };
       \addlegendentry{p=6, q=8}
    \end{axis}
 \end{tikzpicture}
