
4d mesh advection operator. 
Orders: 0-6
Quad pts: order + 1

 \begin{tikzpicture}[scale=0.9]
    \begin{axis}[
       title={4D Advection Operator Application Performance},
       xlabel={Number of dofs},
       ylabel={Throughput [DoF/s]},
       legend pos=outer north east,
       grid=major,
       xmode = log,
       ymode = log,
       cycle list name=color list,
       ]
       \addplot
       coordinates {
          (1, 39249.5)
          (2, 83774.9)
          (4, 149307)
          (8, 324886)
          (16, 634229)
          (32, 1.21622e+06)
          (64, 2.18039e+06)
          (128, 3.69025e+06)
          (256, 4.96509e+06)
          (512, 7.19263e+06)
          (1024, 7.75308e+06)
          (2048, 9.06576e+06)
          (4096, 9.66229e+06)
          (8192, 9.81863e+06)
          (16384, 1.00126e+07)
          (32768, 9.96562e+06)
          (65536, 1.73662e+07)
          (131072, 1.9539e+07)
          (262144, 1.93714e+07)
          (524288, 1.90398e+07)
          (1048576, 1.89979e+07)
       };
       \addlegendentry{p=0, q=1}
       \addplot
       coordinates {
          (16, 2.66689e+06)
          (32, 3.51513e+06)
          (64, 7.661e+06)
          (128, 1.42889e+07)
          (256, 1.83684e+07)
          (512, 2.25685e+07)
          (1024, 2.40012e+07)
          (2048, 2.31153e+07)
          (4096, 2.27304e+07)
          (8192, 2.21267e+07)
          (16384, 2.19226e+07)
          (32768, 2.07584e+07)
          (65536, 2.04288e+07)
          (131072, 2.02942e+07)
          (262144, 2.00483e+07)
          (524288, 1.85411e+07)
          (1048576, 1.24901e+07)
       };
       \addlegendentry{p=1, q=2}
       \addplot
       coordinates {
          (81, 6.44802e+06)
          (162, 9.17016e+06)
          (324, 5.52892e+06)
          (648, 2.76003e+07)
          (1296, 2.84719e+07)
          (2592, 2.87682e+07)
          (5184, 2.79161e+07)
          (10368, 2.51944e+07)
          (20736, 2.40261e+07)
          (41472, 2.26916e+07)
          (82944, 2.27794e+07)
          (165888, 2.2062e+07)
          (331776, 2.17225e+07)
          (663552, 2.13448e+07)
          (1327104, 2.09506e+07)
       };
       \addlegendentry{p=2, q=3}
       \addplot
       coordinates {
          (256, 9.19805e+06)
          (512, 1.23752e+07)
          (1024, 1.94671e+07)
          (2048, 3.08759e+07)
          (4096, 2.95844e+07)
          (8192, 2.82133e+07)
          (16384, 2.65189e+07)
          (32768, 2.36572e+07)
          (65536, 2.2552e+07)
          (131072, 2.16849e+07)
          (262144, 2.12881e+07)
          (524288, 2.09404e+07)
          (1048576, 2.06804e+07)
       };
       \addlegendentry{p=3, q=4}
       \addplot
       coordinates {
          (625, 8.55965e+06)
          (1250, 1.29373e+07)
          (2500, 2.03745e+07)
          (5000, 3.35776e+07)
          (10000, 2.90642e+07)
          (20000, 2.82658e+07)
          (40000, 2.6542e+07)
          (80000, 2.33922e+07)
          (160000, 2.28983e+07)
          (320000, 1.8788e+07)
          (640000, 2.15554e+07)
          (1280000, 1.43115e+07)
       };
       \addlegendentry{p=4, q=5}
       \addplot
       coordinates {
          (1296, 8.66933e+06)
          (2592, 1.19258e+07)
          (5184, 1.86275e+07)
          (10368, 2.97786e+07)
          (20736, 2.64989e+07)
          (41472, 2.53897e+07)
          (82944, 2.37843e+07)
          (165888, 2.12976e+07)
          (331776, 2.04309e+07)
          (663552, 1.97176e+07)
          (1327104, 1.91318e+07)
       };
       \addlegendentry{p=5, q=6}
       \addplot
       coordinates {
          (2401, 7.73464e+06)
          (4802, 1.04986e+07)
          (9604, 1.61471e+07)
          (19208, 2.64427e+07)
          (38416, 2.34981e+07)
          (76832, 2.13714e+07)
          (153664, 2.01016e+07)
          (307328, 1.80109e+07)
          (614656, 1.74109e+07)
          (1229312, 1.65393e+07)
       };
       \addlegendentry{p=6, q=7}
    \end{axis}
 \end{tikzpicture}
