
3d mesh mass operator. 
Orders: 0-6
Quad pts: order + 2

 \begin{tikzpicture}[scale=0.9]
    \begin{axis}[
       title={3D Mass Operator Application Performance},
       xlabel={Number of dofs},
       ylabel={Throughput [DoF/s]},
       legend pos=outer north east,
       grid=major,
       xmode = log,
       ymode = log,
       cycle list name=color list,
       ]
       \addplot
       coordinates {
          (1, 31684.7)
          (2, 69618.5)
          (4, 158031)
          (8, 277071)
          (16, 555739)
          (32, 1.10431e+06)
          (64, 2.14837e+06)
          (128, 4.5345e+06)
          (256, 8.28077e+06)
          (512, 1.40522e+07)
          (1024, 2.02616e+07)
          (2048, 2.86867e+07)
          (4096, 3.56774e+07)
          (8192, 4.0394e+07)
          (16384, 4.34755e+07)
          (32768, 4.48554e+07)
          (65536, 4.60977e+07)
          (131072, 4.60531e+07)
          (262144, 6.15432e+07)
          (524288, 8.85514e+07)
          (1048576, 8.99116e+07)
       };
       \addlegendentry{p=0, q=2}
       \addplot
       coordinates {
          (8, 1.64103e+06)
          (16, 296541)
          (32, 6.79622e+06)
          (64, 1.22876e+07)
          (128, 2.17872e+07)
          (256, 4.04232e+07)
          (512, 6.2219e+07)
          (1024, 8.2335e+07)
          (2048, 9.5538e+07)
          (4096, 1.05822e+08)
          (8192, 1.14446e+08)
          (16384, 1.18177e+08)
          (32768, 1.1999e+08)
          (65536, 1.20578e+08)
          (131072, 1.1912e+08)
          (262144, 1.17825e+08)
          (524288, 1.17388e+08)
          (1048576, 1.19296e+08)
       };
       \addlegendentry{p=1, q=3}
       \addplot
       coordinates {
          (27, 5.63498e+06)
          (54, 7.51357e+06)
          (108, 1.69985e+07)
          (216, 3.27075e+07)
          (432, 5.38653e+07)
          (864, 7.59594e+07)
          (1728, 5.62363e+07)
          (3456, 1.15527e+08)
          (6912, 1.27368e+08)
          (13824, 1.33223e+08)
          (27648, 1.35675e+08)
          (55296, 1.37303e+08)
          (110592, 1.28518e+08)
          (221184, 1.37602e+08)
          (442368, 1.36092e+08)
          (884736, 1.37194e+08)
          (1769472, 1.36013e+08)
       };
       \addlegendentry{p=2, q=4}
       \addplot
       coordinates {
          (64, 7.07886e+06)
          (128, 1.36235e+07)
          (256, 2.90513e+07)
          (512, 5.64997e+07)
          (1024, 7.70446e+07)
          (2048, 3.91669e+07)
          (4096, 1.08689e+08)
          (8192, 1.17174e+08)
          (16384, 1.10073e+08)
          (32768, 1.08285e+08)
          (65536, 1.14002e+08)
          (131072, 1.20516e+08)
          (262144, 1.19998e+08)
          (524288, 8.59755e+07)
          (1048576, 1.24148e+08)
       };
       \addlegendentry{p=3, q=5}
       \addplot
       coordinates {
          (125, 1.09697e+07)
          (250, 1.86053e+07)
          (500, 3.77373e+07)
          (1000, 7.11162e+07)
          (2000, 9.03138e+07)
          (4000, 1.03902e+08)
          (8000, 1.11601e+08)
          (16000, 1.15791e+08)
          (32000, 1.18891e+08)
          (64000, 1.03523e+08)
          (128000, 1.12241e+08)
          (256000, 1.18076e+08)
          (512000, 1.18411e+08)
          (1024000, 1.16371e+08)
       };
       \addlegendentry{p=4, q=6}
       \addplot
       coordinates {
          (216, 1.33272e+07)
          (432, 2.48347e+07)
          (864, 5.06403e+07)
          (1728, 9.0162e+07)
          (3456, 1.13941e+08)
          (6912, 1.21447e+08)
          (13824, 1.27343e+08)
          (27648, 1.30679e+08)
          (55296, 1.3281e+08)
          (110592, 1.30849e+08)
          (221184, 7.41608e+07)
          (442368, 5.23726e+07)
          (884736, 6.0306e+07)
          (1769472, 1.10223e+08)
       };
       \addlegendentry{p=5, q=7}
       \addplot
       coordinates {
          (343, 1.29644e+07)
          (686, 2.47221e+07)
          (1372, 4.94441e+07)
          (2744, 9.31543e+07)
          (5488, 1.06698e+08)
          (10976, 1.12845e+08)
          (21952, 1.07933e+08)
          (43904, 1.18094e+08)
          (87808, 1.09589e+08)
          (175616, 1.14974e+08)
          (351232, 1.18934e+08)
          (702464, 1.15995e+08)
          (1404928, 1.16516e+08)
       };
       \addlegendentry{p=6, q=8}
    \end{axis}
 \end{tikzpicture}
