
4d mesh advection operator. 
Orders: 0-6
Quad pts: order + 1

 \begin{tikzpicture}[scale=0.9]
    \begin{axis}[
       title={4D Advection Operator Application Performance},
       xlabel={Number of dofs},
       ylabel={Throughput [DoF/s]},
       legend pos=outer north east,
       grid=major,
       xmode = log,
       ymode = log,
       cycle list name=color list,
       ]
       \addplot
       coordinates {
          (1, 6728.84)
          (2, 10342.2)
          (4, 5436.11)
          (8, 50777.2)
          (16, 100719)
          (32, 220123)
          (64, 433685)
          (128, 802012)
          (256, 302609)
          (512, 2.24799e+06)
          (1024, 3.00524e+06)
          (2048, 3.8895e+06)
          (4096, 4.39824e+06)
          (8192, 8.9202e+06)
          (16384, 9.52601e+06)
          (32768, 9.38404e+06)
          (65536, 9.85743e+06)
          (131072, 9.852e+06)
          (262144, 9.2659e+06)
          (524288, 9.44023e+06)
          (1048576, 9.38104e+06)
       };
       \addlegendentry{p=0, q=1}
       \addplot
       coordinates {
          (16, 115861)
          (32, 215668)
          (64, 325772)
          (128, 231033)
          (256, 1.41965e+06)
          (512, 2.38893e+06)
          (1024, 3.34028e+06)
          (2048, 4.20582e+06)
          (4096, 4.54919e+06)
          (8192, 4.96657e+06)
          (16384, 4.92538e+06)
          (32768, 4.98034e+06)
          (65536, 4.51392e+06)
          (131072, 4.91778e+06)
          (262144, 4.84446e+06)
          (524288, 4.75763e+06)
          (1048576, 4.72321e+06)
       };
       \addlegendentry{p=1, q=2}
       \addplot
       coordinates {
          (81, 586507)
          (162, 822019)
          (324, 1.38881e+06)
          (648, 2.38066e+06)
          (1296, 4.30554e+06)
          (2592, 4.82788e+06)
          (5184, 5.09696e+06)
          (10368, 5.09872e+06)
          (20736, 5.04995e+06)
          (41472, 4.63713e+06)
          (82944, 4.94396e+06)
          (165888, 4.82302e+06)
          (331776, 4.68973e+06)
          (663552, 4.72591e+06)
          (1327104, 4.64065e+06)
       };
       \addlegendentry{p=2, q=3}
       \addplot
       coordinates {
          (256, 1.87152e+06)
          (512, 1.31165e+06)
          (1024, 2.13665e+06)
          (2048, 3.7718e+06)
          (4096, 6.81841e+06)
          (8192, 6.76253e+06)
          (16384, 6.72532e+06)
          (32768, 6.60793e+06)
          (65536, 6.46538e+06)
          (131072, 6.43877e+06)
          (262144, 6.33264e+06)
          (524288, 6.19887e+06)
          (1048576, 6.09268e+06)
       };
       \addlegendentry{p=3, q=4}
       \addplot
       coordinates {
          (625, 1.18593e+06)
          (1250, 2.03801e+06)
          (2500, 3.16879e+06)
          (5000, 5.11843e+06)
          (10000, 8.65112e+06)
          (20000, 7.84516e+06)
          (40000, 7.44999e+06)
          (80000, 7.24616e+06)
          (160000, 6.91776e+06)
          (320000, 6.67772e+06)
          (640000, 6.5631e+06)
          (1280000, 6.41754e+06)
       };
       \addlegendentry{p=4, q=5}
       \addplot
       coordinates {
          (1296, 5.482e+06)
          (2592, 2.09991e+06)
          (5184, 3.19016e+06)
          (10368, 5.12528e+06)
          (20736, 7.14948e+06)
          (41472, 6.53807e+06)
          (82944, 6.96512e+06)
          (165888, 6.96413e+06)
          (331776, 6.60689e+06)
          (663552, 6.35886e+06)
          (1327104, 6.24663e+06)
       };
       \addlegendentry{p=5, q=6}
       \addplot
       coordinates {
          (2401, 5.70428e+06)
          (4802, 1.73048e+06)
          (9604, 2.83473e+06)
          (19208, 4.7129e+06)
          (38416, 7.89776e+06)
          (76832, 6.88747e+06)
          (153664, 6.36526e+06)
          (307328, 6.15164e+06)
          (614656, 5.88377e+06)
          (1229312, 5.91216e+06)
       };
       \addlegendentry{p=6, q=7}
    \end{axis}
 \end{tikzpicture}
