
3d mesh mass operator. 
Orders: 0-6
Quad pts: order + 2

 \begin{tikzpicture}[scale=0.9]
    \begin{axis}[
       title={3D Mass Operator Application Performance},
       xlabel={Number of dofs},
       ylabel={Throughput [DoF/s]},
       legend pos=outer north east,
       grid=major,
       xmode = log,
       ymode = log,
       cycle list name=color list,
       ]
       \addplot
       coordinates {
          (1, 5730.27)
          (2, 5930.88)
          (4, 16164)
          (8, 48903.7)
          (16, 100747)
          (32, 198610)
          (64, 398804)
          (128, 151270)
          (256, 1.28039e+06)
          (512, 2.6012e+06)
          (1024, 4.17377e+06)
          (2048, 6.3273e+06)
          (4096, 9.73302e+06)
          (8192, 1.3324e+07)
          (16384, 1.71017e+07)
          (32768, 2.27356e+07)
          (65536, 2.40641e+07)
          (131072, 2.96555e+07)
          (262144, 4.14811e+07)
          (524288, 5.12176e+07)
          (1048576, 5.15578e+07)
       };
       \addlegendentry{p=0, q=2}
       \addplot
       coordinates {
          (8, 58031.5)
          (16, 112850)
          (32, 226060)
          (64, 472443)
          (128, 922095)
          (256, 1.79419e+06)
          (512, 3.44212e+06)
          (1024, 6.40975e+06)
          (2048, 1.03542e+07)
          (4096, 1.74994e+07)
          (8192, 2.37222e+07)
          (16384, 3.09807e+07)
          (32768, 3.53052e+07)
          (65536, 3.81551e+07)
          (131072, 3.79468e+07)
          (262144, 3.92429e+07)
          (524288, 3.99046e+07)
          (1048576, 4.01079e+07)
       };
       \addlegendentry{p=1, q=3}
       \addplot
       coordinates {
          (27, 194960)
          (54, 370706)
          (108, 730605)
          (216, 1.47232e+06)
          (432, 2.88737e+06)
          (864, 5.44739e+06)
          (1728, 9.73669e+06)
          (3456, 1.55253e+07)
          (6912, 2.23324e+07)
          (13824, 2.86602e+07)
          (27648, 3.33097e+07)
          (55296, 3.66624e+07)
          (110592, 3.81731e+07)
          (221184, 3.94364e+07)
          (442368, 4.00243e+07)
          (884736, 4.02431e+07)
          (1769472, 4.03098e+07)
       };
       \addlegendentry{p=2, q=4}
       \addplot
       coordinates {
          (64, 466165)
          (128, 823099)
          (256, 1.59738e+06)
          (512, 3.30435e+06)
          (1024, 6.56231e+06)
          (2048, 1.14358e+07)
          (4096, 1.82655e+07)
          (8192, 2.67043e+07)
          (16384, 3.40844e+07)
          (32768, 3.91296e+07)
          (65536, 4.38856e+07)
          (131072, 4.75729e+07)
          (262144, 4.86051e+07)
          (524288, 5.00678e+07)
          (1048576, 4.93724e+07)
       };
       \addlegendentry{p=3, q=5}
       \addplot
       coordinates {
          (125, 890990)
          (250, 1.36333e+06)
          (500, 2.64539e+06)
          (1000, 5.24028e+06)
          (2000, 9.75958e+06)
          (4000, 1.46343e+07)
          (8000, 1.93958e+07)
          (16000, 2.28286e+07)
          (32000, 2.55633e+07)
          (64000, 2.71303e+07)
          (128000, 2.82318e+07)
          (256000, 2.87126e+07)
          (512000, 2.71484e+07)
          (1024000, 2.8803e+07)
       };
       \addlegendentry{p=4, q=6}
       \addplot
       coordinates {
          (216, 1.58842e+06)
          (432, 2.23151e+06)
          (864, 4.29009e+06)
          (1728, 8.23179e+06)
          (3456, 1.55081e+07)
          (6912, 2.28095e+07)
          (13824, 2.94557e+07)
          (27648, 3.46148e+07)
          (55296, 3.76788e+07)
          (110592, 3.90726e+07)
          (221184, 3.96247e+07)
          (442368, 4.03896e+07)
          (884736, 4.03613e+07)
          (1769472, 3.92645e+07)
       };
       \addlegendentry{p=5, q=7}
       \addplot
       coordinates {
          (343, 2.42849e+06)
          (686, 2.92137e+06)
          (1372, 5.47993e+06)
          (2744, 1.07912e+07)
          (5488, 1.86877e+07)
          (10976, 2.57965e+07)
          (21952, 3.06815e+07)
          (43904, 3.41147e+07)
          (87808, 3.67818e+07)
          (175616, 3.59271e+07)
          (351232, 3.82696e+07)
          (702464, 3.87425e+07)
          (1404928, 3.85507e+07)
       };
       \addlegendentry{p=6, q=8}
    \end{axis}
 \end{tikzpicture}
