
3d mesh advection operator. 
Orders: 0-6
Quad pts: order + 2

 \begin{tikzpicture}[scale=0.9]
    \begin{axis}[
       title={3D Advection Operator Application Performance},
       xlabel={Number of dofs},
       ylabel={Throughput [DoF/s]},
       legend pos=outer north east,
       grid=major,
       xmode = log,
       ymode = log,
       cycle list name=color list,
       ]
       \addplot
       coordinates {
          (1, 4626.18)
          (2, 5399.48)
          (4, 21568)
          (8, 46300.2)
          (16, 80207.1)
          (32, 160206)
          (64, 79155.9)
          (128, 506689)
          (256, 907993)
          (512, 1.27778e+06)
          (1024, 1.68818e+06)
          (2048, 1.81601e+06)
          (4096, 1.87478e+06)
          (8192, 2.30117e+06)
          (16384, 3.00226e+06)
          (32768, 3.55414e+06)
          (65536, 6.38219e+06)
          (131072, 6.10842e+06)
          (262144, 6.39471e+06)
          (524288, 6.394e+06)
          (1048576, 6.40752e+06)
       };
       \addlegendentry{p=0, q=2}
       \addplot
       coordinates {
          (8, 57437.7)
          (16, 108049)
          (32, 206316)
          (64, 371598)
          (128, 781153)
          (256, 1.31794e+06)
          (512, 1.97146e+06)
          (1024, 2.78201e+06)
          (2048, 3.28856e+06)
          (4096, 3.63347e+06)
          (8192, 3.85918e+06)
          (16384, 3.89938e+06)
          (32768, 3.72908e+06)
          (65536, 3.95327e+06)
          (131072, 3.75875e+06)
          (262144, 3.88788e+06)
          (524288, 3.89558e+06)
          (1048576, 3.87145e+06)
       };
       \addlegendentry{p=1, q=3}
       \addplot
       coordinates {
          (27, 175714)
          (54, 316871)
          (108, 608892)
          (216, 1.08938e+06)
          (432, 2.12723e+06)
          (864, 3.17935e+06)
          (1728, 3.9867e+06)
          (3456, 4.74355e+06)
          (6912, 5.15811e+06)
          (13824, 5.07653e+06)
          (27648, 5.23816e+06)
          (55296, 5.35504e+06)
          (110592, 5.08986e+06)
          (221184, 5.26611e+06)
          (442368, 5.20767e+06)
          (884736, 5.16891e+06)
          (1769472, 5.17774e+06)
       };
       \addlegendentry{p=2, q=4}
       \addplot
       coordinates {
          (64, 480133)
          (128, 576499)
          (256, 1.04559e+06)
          (512, 1.94996e+06)
          (1024, 3.62059e+06)
          (2048, 4.64029e+06)
          (4096, 5.395e+06)
          (8192, 5.91616e+06)
          (16384, 6.11069e+06)
          (32768, 6.18898e+06)
          (65536, 6.27935e+06)
          (131072, 6.25132e+06)
          (262144, 6.09808e+06)
          (524288, 6.20031e+06)
          (1048576, 6.1643e+06)
       };
       \addlegendentry{p=3, q=5}
       \addplot
       coordinates {
          (125, 894216)
          (250, 784180)
          (500, 1.36109e+06)
          (1000, 2.16832e+06)
          (2000, 3.87385e+06)
          (4000, 4.34982e+06)
          (8000, 4.50107e+06)
          (16000, 4.75442e+06)
          (32000, 4.35033e+06)
          (64000, 4.60541e+06)
          (128000, 4.68491e+06)
          (256000, 4.58455e+06)
          (512000, 4.57422e+06)
          (1024000, 4.56233e+06)
       };
       \addlegendentry{p=4, q=6}
       \addplot
       coordinates {
          (216, 762081)
          (432, 1.12987e+06)
          (864, 737435)
          (1728, 3.24345e+06)
          (3456, 3.9496e+06)
          (6912, 6.00625e+06)
          (13824, 5.96435e+06)
          (27648, 6.45108e+06)
          (55296, 6.40002e+06)
          (110592, 6.34597e+06)
          (221184, 6.20196e+06)
          (442368, 6.26818e+06)
          (884736, 6.24282e+06)
          (1769472, 6.24845e+06)
       };
       \addlegendentry{p=5, q=7}
       \addplot
       coordinates {
          (343, 2.1471e+06)
          (686, 1.92725e+06)
          (1372, 3.14842e+06)
          (2744, 4.71969e+06)
          (5488, 8.19206e+06)
          (10976, 8.55892e+06)
          (21952, 8.60974e+06)
          (43904, 6.73922e+06)
          (87808, 8.89851e+06)
          (175616, 8.57324e+06)
          (351232, 8.6506e+06)
          (702464, 8.55012e+06)
          (1404928, 8.45087e+06)
       };
       \addlegendentry{p=6, q=8}
    \end{axis}
 \end{tikzpicture}
