
3D Speed-of-Light operator benchmarks

\begin{tikzpicture}[scale=0.9]
  \begin{axis}[
    title={Volume Speed-of-Light Operator},
    xlabel={Number of DoFs},
    ylabel={Throughput [DoF/s]},
    legend pos=outer north east,
    grid=major, xmode=log, ymode=log, cycle list name=color list
  ]
       \addplot coordinates {
          (1, 4511.2)
          (2, 5136.7)
          (4, 23217.6)
          (8, 44243.3)
          (16, 88122.6)
          (32, 180849)
          (64, 359936)
          (128, 157348)
          (256, 1.43374e+06)
          (512, 2.87213e+06)
          (1024, 5.98934e+06)
          (2048, 1.03714e+07)
          (4096, 2.10779e+07)
          (8192, 4.30667e+07)
          (16384, 7.75471e+07)
          (32768, 1.43378e+08)
          (65536, 2.40527e+08)
          (131072, 2.5286e+08)
          (262144, 2.5646e+08)
          (524288, 2.74208e+08)
          (1048576, 2.99422e+08)
       };\addlegendentry{vol p=0}
       \addplot coordinates {
          (8, 58436.5)
          (16, 116998)
          (32, 200956)
          (64, 468102)
          (128, 919670)
          (256, 1.86506e+06)
          (512, 3.59077e+06)
          (1024, 7.45055e+06)
          (2048, 1.49085e+07)
          (4096, 2.94508e+07)
          (8192, 5.8293e+07)
          (16384, 1.13572e+08)
          (32768, 2.20972e+08)
          (65536, 3.86636e+08)
          (131072, 6.26965e+08)
          (262144, 8.07836e+08)
          (524288, 9.01862e+08)
          (1048576, 9.03773e+08)
       };\addlegendentry{vol p=1}
       \addplot coordinates {
          (27, 195861)
          (54, 394661)
          (108, 779220)
          (216, 1.57283e+06)
          (432, 3.10501e+06)
          (864, 6.35772e+06)
          (1728, 1.24193e+07)
          (3456, 2.53111e+07)
          (6912, 4.20744e+07)
          (13824, 9.66984e+07)
          (27648, 1.88484e+08)
          (55296, 3.41759e+08)
          (110592, 5.86373e+08)
          (221184, 6.14833e+08)
          (442368, 5.07713e+08)
          (884736, 5.05158e+08)
          (1769472, 5.04071e+08)
       };\addlegendentry{vol p=2}
       \addplot coordinates {
          (64, 458120)
          (128, 926384)
          (256, 1.83252e+06)
          (512, 3.65228e+06)
          (1024, 7.27322e+06)
          (2048, 1.2288e+07)
          (4096, 2.69303e+07)
          (8192, 4.9094e+07)
          (16384, 8.29037e+07)
          (32768, 1.27196e+08)
          (65536, 1.71357e+08)
          (131072, 2.01995e+08)
          (262144, 2.19124e+08)
          (524288, 2.31778e+08)
          (1048576, 2.38715e+08)
       };\addlegendentry{vol p=3}
       \addplot coordinates {
          (125, 902554)
          (250, 1.82511e+06)
          (500, 3.62181e+06)
          (1000, 7.1264e+06)
          (2000, 1.42673e+07)
          (4000, 2.82065e+07)
          (8000, 5.48924e+07)
          (16000, 1.03623e+08)
          (32000, 1.91979e+08)
          (64000, 3.16316e+08)
          (128000, 4.91421e+08)
          (256000, 6.33304e+08)
          (512000, 7.36179e+08)
          (1024000, 5.64365e+08)
       };\addlegendentry{vol p=4}
       \addplot coordinates {
          (216, 1.57232e+06)
          (432, 962883)
          (864, 3.43788e+06)
          (1728, 6.6016e+06)
          (3456, 2.27371e+07)
          (6912, 4.74338e+07)
          (13824, 6.13376e+07)
          (27648, 1.38886e+08)
          (55296, 2.67972e+08)
          (110592, 3.61849e+08)
          (221184, 4.72808e+08)
          (442368, 5.92962e+08)
          (884736, 6.32838e+08)
          (1769472, 8.45605e+08)
       };\addlegendentry{vol p=5}
       \addplot coordinates {
          (343, 2.5034e+06)
          (686, 4.81338e+06)
          (1372, 9.65114e+06)
          (2744, 1.91249e+07)
          (5488, 3.68186e+07)
          (10976, 7.25751e+07)
          (21952, 1.34662e+08)
          (43904, 2.34692e+08)
          (87808, 3.85318e+08)
          (175616, 5.60484e+08)
          (351232, 6.82196e+08)
          (702464, 8.20689e+08)
          (1404928, 8.84081e+08)
       };\addlegendentry{vol p=6}
  \end{axis}
\end{tikzpicture}

\begin{tikzpicture}[scale=0.9]
  \begin{axis}[
    title={Face Read Speed-of-Light Operator},
    xlabel={Number of DoFs},
    ylabel={Throughput [DoF/s]},
    legend pos=outer north east,
    grid=major, xmode=log, ymode=log, cycle list name=color list
  ]
       \addplot coordinates {
          (1, 7255.51)
          (2, 14580.6)
          (4, 25048.8)
          (8, 58158.3)
          (16, 117571)
          (32, 231716)
          (64, 454893)
          (128, 932693)
          (256, 1.77982e+06)
          (512, 3.55824e+06)
          (1024, 6.80756e+06)
          (2048, 1.23815e+07)
          (4096, 2.06848e+07)
          (8192, 3.23784e+07)
          (16384, 4.25652e+07)
          (32768, 5.24195e+07)
          (65536, 4.22625e+07)
          (131072, 6.07858e+07)
          (262144, 6.01232e+07)
          (524288, 5.88902e+07)
          (1048576, 6.0133e+07)
       };\addlegendentry{read p=0}
       \addplot coordinates {
          (8, 57626)
          (16, 112576)
          (32, 234941)
          (64, 464553)
          (128, 941018)
          (256, 1.81504e+06)
          (512, 3.59069e+06)
          (1024, 6.89556e+06)
          (2048, 1.2774e+07)
          (4096, 2.23756e+07)
          (8192, 3.52461e+07)
          (16384, 4.86188e+07)
          (32768, 6.04786e+07)
          (65536, 6.92907e+07)
          (131072, 7.22416e+07)
          (262144, 7.56704e+07)
          (524288, 7.64317e+07)
          (1048576, 7.29275e+07)
       };\addlegendentry{read p=1}
       \addplot coordinates {
          (27, 195174)
          (54, 365074)
          (108, 50770)
          (216, 823104)
          (432, 2.98657e+06)
          (864, 5.92173e+06)
          (1728, 1.17505e+07)
          (3456, 2.20276e+07)
          (6912, 3.73767e+07)
          (13824, 6.11576e+07)
          (27648, 8.79429e+07)
          (55296, 1.1162e+08)
          (110592, 1.27827e+08)
          (221184, 1.3697e+08)
          (442368, 1.4321e+08)
          (884736, 1.45576e+08)
          (1769472, 1.50724e+08)
       };\addlegendentry{read p=2}
       \addplot coordinates {
          (64, 465962)
          (128, 900812)
          (256, 1.75839e+06)
          (512, 3.26875e+06)
          (1024, 6.71863e+06)
          (2048, 1.04609e+07)
          (4096, 1.80424e+07)
          (8192, 2.57736e+07)
          (16384, 3.19348e+07)
          (32768, 3.57548e+07)
          (65536, 3.8505e+07)
          (131072, 3.93151e+07)
          (262144, 3.91612e+07)
          (524288, 3.98933e+07)
          (1048576, 3.91448e+07)
       };\addlegendentry{read p=3}
       \addplot coordinates {
          (125, 882546)
          (250, 1.53267e+06)
          (500, 2.65161e+06)
          (1000, 4.72319e+06)
          (2000, 8.52402e+06)
          (4000, 1.12354e+07)
          (8000, 1.27037e+07)
          (16000, 1.42246e+07)
          (32000, 1.45378e+07)
          (64000, 1.44174e+07)
          (128000, 1.47234e+07)
          (256000, 1.43231e+07)
          (512000, 1.34198e+07)
          (1024000, 1.39546e+07)
       };\addlegendentry{read p=4}
       \addplot coordinates {
          (216, 1.54274e+06)
          (432, 3.10967e+06)
          (864, 6.02734e+06)
          (1728, 1.17057e+07)
          (3456, 2.31833e+07)
          (6912, 4.19059e+07)
          (13824, 7.27604e+07)
          (27648, 1.12873e+08)
          (55296, 1.54638e+08)
          (110592, 1.87249e+08)
          (221184, 2.05291e+08)
          (442368, 2.12277e+08)
          (884736, 2.18409e+08)
          (1769472, 2.3886e+08)
       };\addlegendentry{read p=5}
       \addplot coordinates {
          (343, 2.33407e+06)
          (686, 4.25087e+06)
          (1372, 7.59624e+06)
          (2744, 1.22962e+07)
          (5488, 2.50185e+07)
          (10976, 3.38251e+07)
          (21952, 3.965e+07)
          (43904, 4.46972e+07)
          (87808, 4.65107e+07)
          (175616, 4.6512e+07)
          (351232, 4.7613e+07)
          (702464, 4.67724e+07)
          (1404928, 4.62023e+07)
       };\addlegendentry{read p=6}
  \end{axis}
\end{tikzpicture}

\begin{tikzpicture}[scale=0.9]
  \begin{axis}[
    title={Face Write Speed-of-Light Operator},
    xlabel={Number of DoFs},
    ylabel={Throughput [DoF/s]},
    legend pos=outer north east,
    grid=major, xmode=log, ymode=log, cycle list name=color list
  ]
       \addplot coordinates {
          (1, 7141.55)
          (2, 14599.9)
          (4, 29101.8)
          (8, 58675)
          (16, 115018)
          (32, 231452)
          (64, 450756)
          (128, 855209)
          (256, 1.52149e+06)
          (512, 2.37898e+06)
          (1024, 3.31754e+06)
          (2048, 4.47036e+06)
          (4096, 5.47206e+06)
          (8192, 6.05809e+06)
          (16384, 6.69762e+06)
          (32768, 7.47619e+06)
          (65536, 8.32389e+06)
          (131072, 1.0518e+07)
          (262144, 1.27535e+07)
          (524288, 1.69745e+07)
          (1048576, 2.48121e+07)
       };\addlegendentry{write p=0}
       \addplot coordinates {
          (8, 56448.5)
          (16, 98200.3)
          (32, 234240)
          (64, 448686)
          (128, 907407)
          (256, 1.7388e+06)
          (512, 3.22784e+06)
          (1024, 5.65961e+06)
          (2048, 9.02036e+06)
          (4096, 1.30837e+07)
          (8192, 1.59631e+07)
          (16384, 1.97227e+07)
          (32768, 2.35324e+07)
          (65536, 2.55662e+07)
          (131072, 2.86391e+07)
          (262144, 3.36847e+07)
          (524288, 3.52624e+07)
          (1048576, 3.64903e+07)
       };\addlegendentry{write p=1}
       \addplot coordinates {
          (27, 203560)
          (54, 396342)
          (108, 803512)
          (216, 1.53517e+06)
          (432, 2.97427e+06)
          (864, 908615)
          (1728, 8.65306e+06)
          (3456, 1.33909e+07)
          (6912, 1.87402e+07)
          (13824, 2.35961e+07)
          (27648, 2.64308e+07)
          (55296, 3.038e+07)
          (110592, 3.3118e+07)
          (221184, 3.57004e+07)
          (442368, 3.96242e+07)
          (884736, 4.55751e+07)
          (1769472, 5.11588e+07)
       };\addlegendentry{write p=2}
       \addplot coordinates {
          (64, 438656)
          (128, 879914)
          (256, 1.73365e+06)
          (512, 3.32118e+06)
          (1024, 6.32143e+06)
          (2048, 1.05819e+07)
          (4096, 1.44564e+07)
          (8192, 2.09011e+07)
          (16384, 2.5277e+07)
          (32768, 2.78757e+07)
          (65536, 2.9287e+07)
          (131072, 3.13375e+07)
          (262144, 3.27091e+07)
          (524288, 3.4773e+07)
          (1048576, 4.00875e+07)
       };\addlegendentry{write p=3}
       \addplot coordinates {
          (125, 391559)
          (250, 1.78767e+06)
          (500, 3.40119e+06)
          (1000, 5.28678e+06)
          (2000, 1.04837e+07)
          (4000, 1.56992e+07)
          (8000, 2.22195e+07)
          (16000, 2.81343e+07)
          (32000, 3.17214e+07)
          (64000, 3.39981e+07)
          (128000, 3.40738e+07)
          (256000, 3.69008e+07)
          (512000, 3.9069e+07)
          (1024000, 4.45843e+07)
       };\addlegendentry{write p=4}
       \addplot coordinates {
          (216, 1.5489e+06)
          (432, 2.81306e+06)
          (864, 5.07834e+06)
          (1728, 8.9875e+06)
          (3456, 1.6248e+07)
          (6912, 2.23357e+07)
          (13824, 2.75365e+07)
          (27648, 3.2601e+07)
          (55296, 3.47215e+07)
          (110592, 3.67135e+07)
          (221184, 3.79518e+07)
          (442368, 3.67329e+07)
          (884736, 4.56106e+07)
          (1769472, 5.71301e+07)
       };\addlegendentry{write p=5}
       \addplot coordinates {
          (343, 2.43784e+06)
          (686, 3.98423e+06)
          (1372, 7.08394e+06)
          (2744, 1.17609e+07)
          (5488, 2.18379e+07)
          (10976, 2.7002e+07)
          (21952, 3.05018e+07)
          (43904, 3.62269e+07)
          (87808, 3.76356e+07)
          (175616, 4.02114e+07)
          (351232, 3.55728e+07)
          (702464, 4.54453e+07)
          (1404928, 5.43606e+07)
       };\addlegendentry{write p=6}
  \end{axis}
\end{tikzpicture}

\begin{tikzpicture}[scale=0.9]
  \begin{axis}[
    title={Global Face Speed-of-Light Operator},
    xlabel={Number of DoFs},
    ylabel={Throughput [DoF/s]},
    legend pos=south east,
    grid=major, xmode=log, ymode=log, cycle list name=color list
  ]
       \addplot coordinates {
          (1, 2409.8)
          (2, 4874.48)
          (4, 9801.42)
          (8, 19333.3)
          (16, 38096.1)
          (32, 75713.6)
          (64, 154790)
          (128, 301968)
          (256, 596419)
          (512, 1.13707e+06)
          (1024, 1.96455e+06)
          (2048, 3.12909e+06)
          (4096, 4.51475e+06)
          (8192, 5.63775e+06)
          (16384, 6.76537e+06)
          (32768, 7.36353e+06)
          (65536, 6.63276e+06)
          (131072, 8.23922e+06)
          (262144, 9.51484e+06)
          (524288, 1.47957e+07)
          (1048576, 1.93939e+07)
       };\addlegendentry{write p=0}
       \addplot coordinates {
          (8, 18971.8)
          (16, 37991.4)
          (32, 77475.7)
          (64, 146617)
          (128, 307646)
          (256, 613721)
          (512, 526723)
          (1024, 2.3446e+06)
          (2048, 4.25012e+06)
          (4096, 7.13392e+06)
          (8192, 1.0888e+07)
          (16384, 1.51904e+07)
          (32768, 6.92689e+06)
          (65536, 2.09904e+07)
          (131072, 2.51991e+07)
          (262144, 2.86876e+07)
          (524288, 3.03427e+07)
          (1048576, 3.28171e+07)
       };\addlegendentry{write p=1}
       \addplot coordinates {
          (27, 61873.2)
          (54, 130256)
          (108, 261439)
          (216, 519547)
          (432, 1.02706e+06)
          (864, 1.99432e+06)
          (1728, 3.791e+06)
          (3456, 2.57083e+06)
          (6912, 1.09698e+07)
          (13824, 1.3983e+07)
          (27648, 1.35148e+07)
          (55296, 2.183e+07)
          (110592, 3.02761e+07)
          (221184, 3.33616e+07)
          (442368, 3.61208e+07)
          (884736, 3.83584e+07)
          (1769472, 4.02979e+07)
       };\addlegendentry{write p=2}
       \addplot coordinates {
          (64, 154472)
          (128, 309814)
          (256, 608154)
          (512, 1.15736e+06)
          (1024, 2.14476e+06)
          (2048, 4.23866e+06)
          (4096, 7.51024e+06)
          (8192, 1.16615e+07)
          (16384, 1.56515e+07)
          (32768, 1.87097e+07)
          (65536, 2.1072e+07)
          (131072, 2.23086e+07)
          (262144, 2.17028e+07)
          (524288, 2.26644e+07)
          (1048576, 2.35285e+07)
       };\addlegendentry{write p=3}
       \addplot coordinates {
          (125, 300957)
          (250, 569158)
          (500, 1.17362e+06)
          (1000, 2.15682e+06)
          (2000, 4.3292e+06)
          (4000, 8.0383e+06)
          (8000, 1.35571e+07)
          (16000, 1.99896e+07)
          (32000, 2.58778e+07)
          (64000, 2.99568e+07)
          (128000, 3.20105e+07)
          (256000, 3.39405e+07)
          (512000, 3.0229e+07)
          (1024000, 3.9258e+07)
       };\addlegendentry{write p=4}
       \addplot coordinates {
          (216, 521058)
          (432, 1.02689e+06)
          (864, 1.96083e+06)
          (1728, 3.54071e+06)
          (3456, 6.89823e+06)
          (6912, 9.46219e+06)
          (13824, 1.92365e+07)
          (27648, 2.55477e+07)
          (55296, 3.17611e+07)
          (110592, 3.5738e+07)
          (221184, 3.77002e+07)
          (442368, 3.90856e+07)
          (884736, 4.06064e+07)
          (1769472, 4.63207e+07)
       };\addlegendentry{write p=5}
       \addplot coordinates {
          (343, 831210)
          (686, 1.66646e+06)
          (1372, 2.75255e+06)
          (2744, 4.84502e+06)
          (5488, 9.75421e+06)
          (10976, 1.42793e+07)
          (21952, 2.3645e+07)
          (43904, 2.93686e+07)
          (87808, 3.33251e+07)
          (175616, 3.5664e+07)
          (351232, 2.96599e+07)
          (702464, 3.90889e+07)
          (1404928, 4.42522e+07)
       };\addlegendentry{write p=6}
  \end{axis}
\end{tikzpicture}
