
4d mesh mass operator. 
Orders: 0-6
Quad pts: order + 2

 \begin{tikzpicture}[scale=0.9]
    \begin{axis}[
       title={4D Mass Operator Application Performance},
       xlabel={Number of dofs},
       ylabel={Throughput [DoF/s]},
       legend pos=outer north east,
       grid=major,
       xmode = log,
       ymode = log,
       cycle list name=color list,
       ]
       \addplot
       coordinates {
          (1, 7541.12)
          (2, 11772.3)
          (4, 11690.1)
          (8, 62952.6)
          (16, 125873)
          (32, 209210)
          (64, 495099)
          (128, 953536)
          (256, 1.95674e+06)
          (512, 3.3879e+06)
          (1024, 1.3334e+06)
          (2048, 1.39234e+07)
          (4096, 2.46472e+07)
          (8192, 4.06536e+07)
          (16384, 5.93219e+07)
          (32768, 7.81077e+07)
          (65536, 8.87989e+07)
          (131072, 9.80619e+07)
          (262144, 1.03068e+08)
          (524288, 1.07057e+08)
          (1048576, 1.08571e+08)
       };
       \addlegendentry{p=0, q=2}
       \addplot
       coordinates {
          (16, 116375)
          (32, 190848)
          (64, 426038)
          (128, 838782)
          (256, 1.66794e+06)
          (512, 3.02357e+06)
          (1024, 4.98611e+06)
          (2048, 7.52585e+06)
          (4096, 9.93587e+06)
          (8192, 1.20149e+07)
          (16384, 1.33004e+07)
          (32768, 1.41166e+07)
          (65536, 1.45288e+07)
          (131072, 1.34427e+07)
          (262144, 1.45675e+07)
          (524288, 1.45949e+07)
          (1048576, 1.45823e+07)
       };
       \addlegendentry{p=1, q=3}
       \addplot
       coordinates {
          (81, 593346)
          (162, 727913)
          (324, 1.38967e+06)
          (648, 2.90129e+06)
          (1296, 5.74563e+06)
          (2592, 8.24294e+06)
          (5184, 1.05086e+07)
          (10368, 1.22395e+07)
          (20736, 1.32882e+07)
          (41472, 1.39359e+07)
          (82944, 1.26989e+07)
          (165888, 1.42848e+07)
          (331776, 1.44881e+07)
          (663552, 1.45506e+07)
          (1327104, 1.45003e+07)
       };
       \addlegendentry{p=2, q=4}
       \addplot
       coordinates {
          (256, 1.88761e+06)
          (512, 2.39032e+06)
          (1024, 4.78223e+06)
          (2048, 9.27794e+06)
          (4096, 1.87638e+07)
          (8192, 2.74795e+07)
          (16384, 3.571e+07)
          (32768, 4.2534e+07)
          (65536, 4.68226e+07)
          (131072, 4.93363e+07)
          (262144, 5.05845e+07)
          (524288, 5.11042e+07)
          (1048576, 5.10279e+07)
       };
       \addlegendentry{p=3, q=5}
       \addplot
       coordinates {
          (625, 4.00371e+06)
          (1250, 3.43826e+06)
          (2500, 7.48155e+06)
          (5000, 1.46525e+07)
          (10000, 2.92217e+07)
          (20000, 1.84467e+07)
          (40000, 3.67394e+07)
          (80000, 4.42097e+07)
          (160000, 4.82562e+07)
          (320000, 4.91838e+07)
          (640000, 4.97248e+07)
          (1280000, 4.99407e+07)
       };
       \addlegendentry{p=4, q=6}
       \addplot
       coordinates {
          (1296, 6.38353e+06)
          (2592, 4.25758e+06)
          (5184, 8.57076e+06)
          (10368, 1.68501e+07)
          (20736, 3.33654e+07)
          (41472, 3.79628e+07)
          (82944, 4.06723e+07)
          (165888, 3.89767e+07)
          (331776, 4.06369e+07)
          (663552, 4.15059e+07)
          (1327104, 4.28288e+07)
       };
       \addlegendentry{p=5, q=7}
       \addplot
       coordinates {
          (2401, 8.14096e+06)
          (4802, 3.4641e+06)
          (9604, 6.97482e+06)
          (19208, 1.3865e+07)
          (38416, 2.7083e+07)
          (76832, 2.85664e+07)
          (153664, 2.83198e+07)
          (307328, 2.86313e+07)
          (614656, 2.96486e+07)
          (1229312, 2.99768e+07)
       };
       \addlegendentry{p=6, q=8}
    \end{axis}
 \end{tikzpicture}
