
4d mesh mass operator. 
Orders: 0-6
Quad pts: order + 2

 \begin{tikzpicture}[scale=0.9]
    \begin{axis}[
       title={4D Mass Operator Application Performance},
       xlabel={Number of dofs},
       ylabel={Throughput [DoF/s]},
       legend pos=outer north east,
       grid=major,
       xmode = log,
       ymode = log,
       cycle list name=color list,
       ]
       \addplot
       coordinates {
          (1, 4890.7)
          (2, 3066.28)
          (4, 23601.1)
          (8, 48270.3)
          (16, 96322.7)
          (32, 180254)
          (64, 86089.2)
          (128, 767474)
          (256, 1.34308e+06)
          (512, 2.82402e+06)
          (1024, 5.27486e+06)
          (2048, 9.59313e+06)
          (4096, 1.36907e+07)
          (8192, 2.57531e+07)
          (16384, 3.53518e+07)
          (32768, 4.28732e+07)
          (65536, 4.73851e+07)
          (131072, 5.10592e+07)
          (262144, 5.73805e+07)
          (524288, 9.09585e+07)
          (1048576, 1.04291e+08)
       };
       \addlegendentry{p=0, q=2}
       \addplot
       coordinates {
          (16, 106748)
          (32, 199070)
          (64, 395490)
          (128, 800641)
          (256, 1.56137e+06)
          (512, 2.84561e+06)
          (1024, 4.79322e+06)
          (2048, 7.24599e+06)
          (4096, 9.62372e+06)
          (8192, 1.18762e+07)
          (16384, 1.2928e+07)
          (32768, 1.40668e+07)
          (65536, 1.44527e+07)
          (131072, 1.42542e+07)
          (262144, 1.46415e+07)
          (524288, 1.4254e+07)
          (1048576, 1.46421e+07)
       };
       \addlegendentry{p=1, q=3}
       \addplot
       coordinates {
          (81, 558418)
          (162, 695866)
          (324, 1.38333e+06)
          (648, 2.76297e+06)
          (1296, 5.50324e+06)
          (2592, 8.03503e+06)
          (5184, 1.02893e+07)
          (10368, 1.20683e+07)
          (20736, 1.0889e+07)
          (41472, 1.38439e+07)
          (82944, 1.42108e+07)
          (165888, 1.4407e+07)
          (331776, 1.45121e+07)
          (663552, 1.45553e+07)
          (1327104, 1.45657e+07)
       };
       \addlegendentry{p=2, q=4}
       \addplot
       coordinates {
          (256, 1.80029e+06)
          (512, 2.30206e+06)
          (1024, 4.29599e+06)
          (2048, 8.93082e+06)
          (4096, 1.78302e+07)
          (8192, 2.64972e+07)
          (16384, 3.51399e+07)
          (32768, 4.1773e+07)
          (65536, 4.63421e+07)
          (131072, 4.90135e+07)
          (262144, 5.01757e+07)
          (524288, 4.50788e+07)
          (1048576, 5.10362e+07)
       };
       \addlegendentry{p=3, q=5}
       \addplot
       coordinates {
          (625, 3.24556e+06)
          (1250, 3.6881e+06)
          (2500, 7.27606e+06)
          (5000, 1.43082e+07)
          (10000, 2.84947e+07)
          (20000, 3.63183e+07)
          (40000, 4.21515e+07)
          (80000, 4.58283e+07)
          (160000, 4.80528e+07)
          (320000, 4.90642e+07)
          (640000, 4.95566e+07)
          (1280000, 4.89338e+07)
       };
       \addlegendentry{p=4, q=6}
       \addplot
       coordinates {
          (1296, 5.81413e+06)
          (2592, 4.20876e+06)
          (5184, 8.24777e+06)
          (10368, 1.62042e+07)
          (20736, 3.2796e+07)
          (41472, 3.76103e+07)
          (82944, 4.01314e+07)
          (165888, 4.18798e+07)
          (331776, 4.25215e+07)
          (663552, 4.29732e+07)
          (1327104, 4.15791e+07)
       };
       \addlegendentry{p=5, q=7}
       \addplot
       coordinates {
          (2401, 7.24695e+06)
          (4802, 2.94045e+06)
          (9604, 6.93023e+06)
          (19208, 1.36673e+07)
          (38416, 2.66514e+07)
          (76832, 2.82681e+07)
          (153664, 2.92159e+07)
          (307328, 2.95759e+07)
          (614656, 2.97189e+07)
          (1229312, 2.93938e+07)
       };
       \addlegendentry{p=6, q=8}
    \end{axis}
 \end{tikzpicture}
