
4d mesh advection operator. 
Orders: 0-6
Quad pts: order + 1

 \begin{tikzpicture}[scale=0.9]
    \begin{axis}[
       title={4D Advection Operator Application Performance},
       xlabel={Number of dofs},
       ylabel={Throughput [DoF/s]},
       legend pos=outer north east,
       grid=major,
       xmode = log,
       ymode = log,
       cycle list name=color list,
       ]
       \addplot
       coordinates {
          (1, 5117.86)
          (2, 2892.3)
          (4, 18763.6)
          (8, 40602.1)
          (16, 86348.6)
          (32, 41075)
          (64, 310152)
          (128, 567439)
          (256, 988395)
          (512, 1.56693e+06)
          (1024, 2.22121e+06)
          (2048, 2.93814e+06)
          (4096, 3.87591e+06)
          (8192, 3.89376e+06)
          (16384, 4.58057e+06)
          (32768, 5.06939e+06)
          (65536, 5.39082e+06)
          (131072, 9.77804e+06)
          (262144, 9.01102e+06)
          (524288, 9.47493e+06)
          (1048576, 9.30456e+06)
       };
       \addlegendentry{p=0, q=1}
       \addplot
       coordinates {
          (16, 96696.3)
          (32, 202263)
          (64, 383187)
          (128, 741965)
          (256, 1.40933e+06)
          (512, 2.25692e+06)
          (1024, 3.2787e+06)
          (2048, 4.07163e+06)
          (4096, 4.55201e+06)
          (8192, 4.7757e+06)
          (16384, 5.03518e+06)
          (32768, 4.98881e+06)
          (65536, 4.91415e+06)
          (131072, 4.79152e+06)
          (262144, 4.86989e+06)
          (524288, 4.79257e+06)
          (1048576, 4.70603e+06)
       };
       \addlegendentry{p=1, q=2}
       \addplot
       coordinates {
          (81, 550337)
          (162, 837371)
          (324, 1.33357e+06)
          (648, 2.2059e+06)
          (1296, 4.17952e+06)
          (2592, 4.75066e+06)
          (5184, 5.04285e+06)
          (10368, 5.04691e+06)
          (20736, 5.00231e+06)
          (41472, 5.09282e+06)
          (82944, 4.77999e+06)
          (165888, 4.81754e+06)
          (331776, 4.68039e+06)
          (663552, 4.72414e+06)
          (1327104, 4.62292e+06)
       };
       \addlegendentry{p=2, q=3}
       \addplot
       coordinates {
          (256, 1.5751e+06)
          (512, 1.27403e+06)
          (1024, 2.12661e+06)
          (2048, 3.69968e+06)
          (4096, 6.73029e+06)
          (8192, 6.69687e+06)
          (16384, 6.30543e+06)
          (32768, 6.55756e+06)
          (65536, 6.43631e+06)
          (131072, 6.21361e+06)
          (262144, 6.3176e+06)
          (524288, 6.1628e+06)
          (1048576, 6.07876e+06)
       };
       \addlegendentry{p=3, q=4}
       \addplot
       coordinates {
          (625, 3.5093e+06)
          (1250, 1.9753e+06)
          (2500, 3.08295e+06)
          (5000, 4.97177e+06)
          (10000, 8.38469e+06)
          (20000, 7.65022e+06)
          (40000, 7.45006e+06)
          (80000, 7.0786e+06)
          (160000, 6.73231e+06)
          (320000, 6.53602e+06)
          (640000, 6.48104e+06)
          (1280000, 6.29346e+06)
       };
       \addlegendentry{p=4, q=5}
       \addplot
       coordinates {
          (1296, 3.53873e+06)
          (2592, 2.08567e+06)
          (5184, 3.18414e+06)
          (10368, 5.18398e+06)
          (20736, 8.53123e+06)
          (41472, 7.61502e+06)
          (82944, 6.94319e+06)
          (165888, 6.89588e+06)
          (331776, 6.51482e+06)
          (663552, 6.41704e+06)
          (1327104, 6.25192e+06)
       };
       \addlegendentry{p=5, q=6}
       \addplot
       coordinates {
          (2401, 5.18619e+06)
          (4802, 1.78011e+06)
          (9604, 2.81206e+06)
          (19208, 4.68954e+06)
          (38416, 7.81384e+06)
          (76832, 6.88257e+06)
          (153664, 6.41508e+06)
          (307328, 6.18996e+06)
          (614656, 5.89312e+06)
          (1229312, 5.86198e+06)
       };
       \addlegendentry{p=6, q=7}
    \end{axis}
 \end{tikzpicture}
