
3D Speed-of-Light operator benchmarks

\begin{tikzpicture}[scale=0.9]
  \begin{axis}[
    title={Volume Speed-of-Light Operator},
    xlabel={Number of DoFs},
    ylabel={Throughput [DoF/s]},
    legend pos=outer north east,
    grid=major, xmode=log, ymode=log, cycle list name=color list
  ]
       \addplot coordinates {
          (1, 5306.28)
          (2, 5193.83)
          (4, 20437.6)
          (8, 41093.3)
          (16, 83678.2)
          (32, 170434)
          (64, 326471)
          (128, 701275)
          (256, 1.41872e+06)
          (512, 2.82287e+06)
          (1024, 4.89688e+06)
          (2048, 1.01653e+07)
          (4096, 2.20829e+07)
          (8192, 3.72194e+07)
          (16384, 7.47694e+07)
          (32768, 1.40233e+08)
          (65536, 2.23673e+08)
          (131072, 2.45984e+08)
          (262144, 2.64685e+08)
          (524288, 2.92143e+08)
          (1048576, 2.95592e+08)
       };\addlegendentry{vol p=0}
       \addplot coordinates {
          (8, 46385.3)
          (16, 111282)
          (32, 221071)
          (64, 437867)
          (128, 874701)
          (256, 1.75282e+06)
          (512, 3.50901e+06)
          (1024, 6.98624e+06)
          (2048, 1.41057e+07)
          (4096, 2.82954e+07)
          (8192, 5.5805e+07)
          (16384, 1.08297e+08)
          (32768, 2.07086e+08)
          (65536, 3.47643e+08)
          (131072, 5.62609e+08)
          (262144, 7.82241e+08)
          (524288, 8.77762e+08)
          (1048576, 9.04516e+08)
       };\addlegendentry{vol p=1}
       \addplot coordinates {
          (27, 187978)
          (54, 371866)
          (108, 742377)
          (216, 1.5047e+06)
          (432, 2.9803e+06)
          (864, 6.00014e+06)
          (1728, 1.16807e+07)
          (3456, 2.40677e+07)
          (6912, 4.70292e+07)
          (13824, 9.03956e+07)
          (27648, 1.76063e+08)
          (55296, 3.25941e+08)
          (110592, 5.20245e+08)
          (221184, 5.99113e+08)
          (442368, 4.79833e+08)
          (884736, 4.58212e+08)
          (1769472, 3.31259e+08)
       };\addlegendentry{vol p=2}
       \addplot coordinates {
          (64, 437084)
          (128, 915241)
          (256, 1.80634e+06)
          (512, 3.57946e+06)
          (1024, 3.2743e+06)
          (2048, 1.12859e+07)
          (4096, 2.54172e+07)
          (8192, 4.00862e+07)
          (16384, 7.8983e+07)
          (32768, 1.23467e+08)
          (65536, 1.66815e+08)
          (131072, 1.6185e+08)
          (262144, 2.15697e+08)
          (524288, 2.28404e+08)
          (1048576, 2.36008e+08)
       };\addlegendentry{vol p=3}
       \addplot coordinates {
          (125, 858425)
          (250, 1.71118e+06)
          (500, 3.41354e+06)
          (1000, 6.78764e+06)
          (2000, 1.36409e+07)
          (4000, 2.67938e+07)
          (8000, 4.99307e+07)
          (16000, 9.9619e+07)
          (32000, 1.79943e+08)
          (64000, 3.10694e+08)
          (128000, 4.6598e+08)
          (256000, 6.02582e+08)
          (512000, 7.01278e+08)
          (1024000, 7.82521e+08)
       };\addlegendentry{vol p=4}
       \addplot coordinates {
          (216, 1.50327e+06)
          (432, 2.95813e+06)
          (864, 5.7185e+06)
          (1728, 1.16717e+07)
          (3456, 2.30301e+07)
          (6912, 4.4065e+07)
          (13824, 8.42613e+07)
          (27648, 1.57005e+08)
          (55296, 2.69467e+08)
          (110592, 4.26501e+08)
          (221184, 5.79769e+08)
          (442368, 7.25442e+08)
          (884736, 8.08183e+08)
          (1769472, 8.29959e+08)
       };\addlegendentry{vol p=5}
       \addplot coordinates {
          (343, 2.33931e+06)
          (686, 4.69387e+06)
          (1372, 9.10409e+06)
          (2744, 1.82345e+07)
          (5488, 3.58409e+07)
          (10976, 6.92328e+07)
          (21952, 1.29063e+08)
          (43904, 2.23894e+08)
          (87808, 3.68483e+08)
          (175616, 5.39403e+08)
          (351232, 6.90442e+08)
          (702464, 8.18124e+08)
          (1404928, 6.96093e+08)
       };\addlegendentry{vol p=6}
  \end{axis}
\end{tikzpicture}

\begin{tikzpicture}[scale=0.9]
  \begin{axis}[
    title={Face Read Speed-of-Light Operator},
    xlabel={Number of DoFs},
    ylabel={Throughput [DoF/s]},
    legend pos=outer north east,
    grid=major, xmode=log, ymode=log, cycle list name=color list
  ]
       \addplot coordinates {
          (1, 6861.65)
          (2, 13376.7)
          (4, 27374.5)
          (8, 54995.4)
          (16, 108926)
          (32, 223243)
          (64, 437110)
          (128, 876948)
          (256, 1.71943e+06)
          (512, 3.35917e+06)
          (1024, 6.38319e+06)
          (2048, 1.17303e+07)
          (4096, 2.01972e+07)
          (8192, 3.05862e+07)
          (16384, 4.26686e+07)
          (32768, 5.1358e+07)
          (65536, 5.72973e+07)
          (131072, 5.80164e+07)
          (262144, 5.96082e+07)
          (524288, 5.82441e+07)
          (1048576, 5.93547e+07)
       };\addlegendentry{read p=0}
       \addplot coordinates {
          (8, 55270.2)
          (16, 110031)
          (32, 224136)
          (64, 436383)
          (128, 873919)
          (256, 893769)
          (512, 3.37637e+06)
          (1024, 6.44174e+06)
          (2048, 1.20709e+07)
          (4096, 2.11234e+07)
          (8192, 3.35356e+07)
          (16384, 4.81647e+07)
          (32768, 2.29e+07)
          (65536, 5.19183e+07)
          (131072, 5.03781e+07)
          (262144, 7.31407e+07)
          (524288, 7.61956e+07)
          (1048576, 7.63573e+07)
       };\addlegendentry{read p=1}
       \addplot coordinates {
          (27, 184815)
          (54, 372989)
          (108, 752039)
          (216, 1.48299e+06)
          (432, 2.917e+06)
          (864, 5.66627e+06)
          (1728, 1.1163e+07)
          (3456, 2.08157e+07)
          (6912, 3.69307e+07)
          (13824, 5.98337e+07)
          (27648, 8.66254e+07)
          (55296, 1.09233e+08)
          (110592, 1.25148e+08)
          (221184, 1.35428e+08)
          (442368, 1.40536e+08)
          (884736, 1.43324e+08)
          (1769472, 1.48481e+08)
       };\addlegendentry{read p=2}
       \addplot coordinates {
          (64, 440459)
          (128, 849193)
          (256, 1.67399e+06)
          (512, 3.22607e+06)
          (1024, 6.45722e+06)
          (2048, 1.12534e+07)
          (4096, 1.7543e+07)
          (8192, 2.52637e+07)
          (16384, 3.14582e+07)
          (32768, 3.54305e+07)
          (65536, 3.83988e+07)
          (131072, 3.90948e+07)
          (262144, 3.90785e+07)
          (524288, 3.71227e+07)
          (1048576, 3.95799e+07)
       };\addlegendentry{read p=3}
       \addplot coordinates {
          (125, 858583)
          (250, 1.50017e+06)
          (500, 2.59131e+06)
          (1000, 4.56474e+06)
          (2000, 8.27257e+06)
          (4000, 1.09907e+07)
          (8000, 1.26692e+07)
          (16000, 1.41416e+07)
          (32000, 1.44401e+07)
          (64000, 1.43156e+07)
          (128000, 1.47084e+07)
          (256000, 1.30953e+07)
          (512000, 1.42525e+07)
          (1024000, 1.42709e+07)
       };\addlegendentry{read p=4}
       \addplot coordinates {
          (216, 1.48628e+06)
          (432, 2.89998e+06)
          (864, 5.30008e+06)
          (1728, 9.86869e+06)
          (3456, 1.92164e+07)
          (6912, 3.16504e+07)
          (13824, 5.39266e+07)
          (27648, 7.60896e+07)
          (55296, 9.37088e+07)
          (110592, 1.04356e+08)
          (221184, 1.81854e+08)
          (442368, 2.03387e+08)
          (884736, 2.09252e+08)
          (1769472, 2.31445e+08)
       };\addlegendentry{read p=5}
       \addplot coordinates {
          (343, 2.35144e+06)
          (686, 4.08366e+06)
          (1372, 2.74912e+06)
          (2744, 1.31568e+07)
          (5488, 2.43745e+07)
          (10976, 1.56153e+07)
          (21952, 2.14772e+07)
          (43904, 4.42585e+07)
          (87808, 4.63668e+07)
          (175616, 3.44145e+07)
          (351232, 4.36698e+07)
          (702464, 4.69189e+07)
          (1404928, 4.40634e+07)
       };\addlegendentry{read p=6}
  \end{axis}
\end{tikzpicture}

\begin{tikzpicture}[scale=0.9]
  \begin{axis}[
    title={Face Write Speed-of-Light Operator},
    xlabel={Number of DoFs},
    ylabel={Throughput [DoF/s]},
    legend pos=outer north east,
    grid=major, xmode=log, ymode=log, cycle list name=color list
  ]
       \addplot coordinates {
          (1, 6941.75)
          (2, 13779)
          (4, 27423.1)
          (8, 55214.6)
          (16, 108664)
          (32, 219050)
          (64, 429156)
          (128, 768791)
          (256, 1.41336e+06)
          (512, 2.25505e+06)
          (1024, 3.07538e+06)
          (2048, 3.98494e+06)
          (4096, 4.96694e+06)
          (8192, 5.61315e+06)
          (16384, 6.1928e+06)
          (32768, 7.04549e+06)
          (65536, 7.67709e+06)
          (131072, 1.09911e+07)
          (262144, 1.2487e+07)
          (524288, 1.62528e+07)
          (1048576, 2.33191e+07)
       };\addlegendentry{write p=0}
       \addplot coordinates {
          (8, 52115.6)
          (16, 91565.2)
          (32, 221268)
          (64, 427620)
          (128, 873441)
          (256, 1.69929e+06)
          (512, 3.02212e+06)
          (1024, 2.23313e+06)
          (2048, 8.2822e+06)
          (4096, 1.19584e+07)
          (8192, 1.46031e+07)
          (16384, 1.43124e+07)
          (32768, 8.24309e+06)
          (65536, 2.45185e+07)
          (131072, 2.64949e+07)
          (262144, 2.96345e+07)
          (524288, 3.16187e+07)
          (1048576, 3.69074e+07)
       };\addlegendentry{write p=1}
       \addplot coordinates {
          (27, 184238)
          (54, 366030)
          (108, 746041)
          (216, 1.43693e+06)
          (432, 2.80121e+06)
          (864, 5.09651e+06)
          (1728, 8.27575e+06)
          (3456, 1.23742e+07)
          (6912, 1.77678e+07)
          (13824, 2.2291e+07)
          (27648, 2.53816e+07)
          (55296, 2.95682e+07)
          (110592, 3.32746e+07)
          (221184, 3.6005e+07)
          (442368, 3.855e+07)
          (884736, 4.25206e+07)
          (1769472, 4.89942e+07)
       };\addlegendentry{write p=2}
       \addplot coordinates {
          (64, 438439)
          (128, 829829)
          (256, 1.66641e+06)
          (512, 3.03925e+06)
          (1024, 6.04307e+06)
          (2048, 1.00064e+07)
          (4096, 1.46255e+07)
          (8192, 1.95089e+07)
          (16384, 2.3901e+07)
          (32768, 2.6679e+07)
          (65536, 2.80839e+07)
          (131072, 3.04229e+07)
          (262144, 3.16362e+07)
          (524288, 3.3567e+07)
          (1048576, 3.99583e+07)
       };\addlegendentry{write p=3}
       \addplot coordinates {
          (125, 860167)
          (250, 1.63165e+06)
          (500, 3.0984e+06)
          (1000, 5.71145e+06)
          (2000, 1.04616e+07)
          (4000, 1.59008e+07)
          (8000, 2.11792e+07)
          (16000, 2.67786e+07)
          (32000, 3.00791e+07)
          (64000, 3.25586e+07)
          (128000, 3.31261e+07)
          (256000, 3.52022e+07)
          (512000, 3.79324e+07)
          (1024000, 4.11066e+07)
       };\addlegendentry{write p=4}
       \addplot coordinates {
          (216, 1.51258e+06)
          (432, 2.66645e+06)
          (864, 4.92439e+06)
          (1728, 8.76405e+06)
          (3456, 1.54019e+07)
          (6912, 1.97641e+07)
          (13824, 2.5997e+07)
          (27648, 3.13832e+07)
          (55296, 3.34845e+07)
          (110592, 3.60784e+07)
          (221184, 3.70481e+07)
          (442368, 4.05189e+07)
          (884736, 4.61472e+07)
          (1769472, 5.527e+07)
       };\addlegendentry{write p=5}
       \addplot coordinates {
          (343, 2.31744e+06)
          (686, 3.70834e+06)
          (1372, 6.84718e+06)
          (2744, 1.18635e+07)
          (5488, 1.86668e+07)
          (10976, 2.54149e+07)
          (21952, 2.90579e+07)
          (43904, 3.43933e+07)
          (87808, 3.59448e+07)
          (175616, 3.87848e+07)
          (351232, 4.12977e+07)
          (702464, 4.80798e+07)
          (1404928, 5.50894e+07)
       };\addlegendentry{write p=6}
  \end{axis}
\end{tikzpicture}

\begin{tikzpicture}[scale=0.9]
  \begin{axis}[
    title={Global Face Speed-of-Light Operator},
    xlabel={Number of DoFs},
    ylabel={Throughput [DoF/s]},
    legend pos=south east,
    grid=major, xmode=log, ymode=log, cycle list name=color list
  ]
       \addplot coordinates {
          (1, 2338.36)
          (2, 2179.64)
          (4, 9237.04)
          (8, 18535.9)
          (16, 35621.8)
          (32, 74079.1)
          (64, 146380)
          (128, 291483)
          (256, 567602)
          (512, 1.08039e+06)
          (1024, 1.84337e+06)
          (2048, 2.92462e+06)
          (4096, 4.28135e+06)
          (8192, 4.97693e+06)
          (16384, 6.33734e+06)
          (32768, 6.93003e+06)
          (65536, 7.26477e+06)
          (131072, 7.811e+06)
          (262144, 8.37386e+06)
          (524288, 1.4026e+07)
          (1048576, 1.81794e+07)
       };\addlegendentry{write p=0}
       \addplot coordinates {
          (8, 18453.6)
          (16, 37265)
          (32, 73616.1)
          (64, 148197)
          (128, 276881)
          (256, 562944)
          (512, 1.14772e+06)
          (1024, 1.77694e+06)
          (2048, 4.07136e+06)
          (4096, 6.81341e+06)
          (8192, 1.01779e+07)
          (16384, 1.42871e+07)
          (32768, 1.85184e+07)
          (65536, 2.16524e+07)
          (131072, 2.41035e+07)
          (262144, 2.69117e+07)
          (524288, 2.55802e+07)
          (1048576, 3.20793e+07)
       };\addlegendentry{write p=1}
       \addplot coordinates {
          (27, 62221.8)
          (54, 124163)
          (108, 249586)
          (216, 494933)
          (432, 979329)
          (864, 1.84039e+06)
          (1728, 3.57836e+06)
          (3456, 6.52316e+06)
          (6912, 1.0746e+07)
          (13824, 1.55754e+07)
          (27648, 2.0455e+07)
          (55296, 2.5585e+07)
          (110592, 2.93062e+07)
          (221184, 3.14861e+07)
          (442368, 2.95762e+07)
          (884736, 3.72062e+07)
          (1769472, 4.01127e+07)
       };\addlegendentry{write p=2}
       \addplot coordinates {
          (64, 104905)
          (128, 286801)
          (256, 301809)
          (512, 905252)
          (1024, 1.268e+06)
          (2048, 2.48002e+06)
          (4096, 7.18793e+06)
          (8192, 1.10985e+07)
          (16384, 1.51771e+07)
          (32768, 1.82132e+07)
          (65536, 1.83919e+07)
          (131072, 2.18012e+07)
          (262144, 2.25493e+07)
          (524288, 2.24858e+07)
          (1048576, 2.38431e+07)
       };\addlegendentry{write p=3}
       \addplot coordinates {
          (125, 284733)
          (250, 577876)
          (500, 1.11958e+06)
          (1000, 2.14593e+06)
          (2000, 4.16452e+06)
          (4000, 7.51332e+06)
          (8000, 1.29831e+07)
          (16000, 1.8838e+07)
          (32000, 2.46676e+07)
          (64000, 2.88066e+07)
          (128000, 3.04886e+07)
          (256000, 3.27545e+07)
          (512000, 3.41082e+07)
          (1024000, 3.59033e+07)
       };\addlegendentry{write p=4}
       \addplot coordinates {
          (216, 499670)
          (432, 1.00131e+06)
          (864, 1.87201e+06)
          (1728, 3.53185e+06)
          (3456, 6.67394e+06)
          (6912, 1.16244e+07)
          (13824, 1.84555e+07)
          (27648, 2.46261e+07)
          (55296, 3.03787e+07)
          (110592, 3.42719e+07)
          (221184, 3.62632e+07)
          (442368, 3.83495e+07)
          (884736, 4.14987e+07)
          (1769472, 4.5156e+07)
       };\addlegendentry{write p=5}
       \addplot coordinates {
          (343, 279019)
          (686, 1.59925e+06)
          (1372, 1.89072e+06)
          (2744, 2.94651e+06)
          (5488, 5.27579e+06)
          (10976, 1.54029e+07)
          (21952, 2.27363e+07)
          (43904, 2.82341e+07)
          (87808, 3.12848e+07)
          (175616, 3.45988e+07)
          (351232, 3.47714e+07)
          (702464, 3.30266e+07)
          (1404928, 4.57572e+07)
       };\addlegendentry{write p=6}
  \end{axis}
\end{tikzpicture}
