
3d mesh advection operator. 
Orders: 0-6
Quad pts: order + 2

 \begin{tikzpicture}[scale=0.9]
    \begin{axis}[
       title={3D Advection Operator Application Performance},
       xlabel={Number of dofs},
       ylabel={Throughput [DoF/s]},
       legend pos=outer north east,
       grid=major,
       xmode = log,
       ymode = log,
       cycle list name=color list,
       ]
       \addplot
       coordinates {
          (1, 4678.01)
          (2, 12455.7)
          (4, 25570.6)
          (8, 4503.99)
          (16, 101317)
          (32, 194909)
          (64, 368553)
          (128, 643537)
          (256, 1.14132e+06)
          (512, 1.67611e+06)
          (1024, 2.26293e+06)
          (2048, 2.65419e+06)
          (4096, 2.93605e+06)
          (8192, 3.01688e+06)
          (16384, 5.88466e+06)
          (32768, 6.33813e+06)
          (65536, 6.40769e+06)
          (131072, 6.16486e+06)
          (262144, 6.4234e+06)
          (524288, 6.39301e+06)
          (1048576, 6.42791e+06)
       };
       \addlegendentry{p=0, q=2}
       \addplot
       coordinates {
          (8, 54397)
          (16, 103140)
          (32, 198269)
          (64, 389395)
          (128, 739337)
          (256, 1.27358e+06)
          (512, 1.94654e+06)
          (1024, 2.71606e+06)
          (2048, 3.24313e+06)
          (4096, 3.58786e+06)
          (8192, 2.54906e+06)
          (16384, 3.29854e+06)
          (32768, 3.92092e+06)
          (65536, 3.94217e+06)
          (131072, 3.90739e+06)
          (262144, 3.87893e+06)
          (524288, 3.89785e+06)
          (1048576, 3.87016e+06)
       };
       \addlegendentry{p=1, q=3}
       \addplot
       coordinates {
          (27, 181915)
          (54, 301903)
          (108, 567926)
          (216, 1.04966e+06)
          (432, 2.05766e+06)
          (864, 3.10011e+06)
          (1728, 3.90012e+06)
          (3456, 4.67457e+06)
          (6912, 5.11283e+06)
          (13824, 5.15712e+06)
          (27648, 5.29546e+06)
          (55296, 5.34655e+06)
          (110592, 5.1276e+06)
          (221184, 5.2655e+06)
          (442368, 5.24156e+06)
          (884736, 5.18006e+06)
          (1769472, 5.17436e+06)
       };
       \addlegendentry{p=2, q=4}
       \addplot
       coordinates {
          (64, 430654)
          (128, 551909)
          (256, 1.00165e+06)
          (512, 1.91608e+06)
          (1024, 3.5406e+06)
          (2048, 4.56748e+06)
          (4096, 5.37379e+06)
          (8192, 5.86851e+06)
          (16384, 5.65242e+06)
          (32768, 5.21174e+06)
          (65536, 6.17833e+06)
          (131072, 6.22476e+06)
          (262144, 6.20456e+06)
          (524288, 6.22377e+06)
          (1048576, 6.20632e+06)
       };
       \addlegendentry{p=3, q=5}
       \addplot
       coordinates {
          (125, 818406)
          (250, 763025)
          (500, 1.34475e+06)
          (1000, 2.14527e+06)
          (2000, 3.81074e+06)
          (4000, 4.27102e+06)
          (8000, 4.45246e+06)
          (16000, 4.72428e+06)
          (32000, 4.61591e+06)
          (64000, 4.48613e+06)
          (128000, 4.6431e+06)
          (256000, 4.62215e+06)
          (512000, 4.54666e+06)
          (1024000, 4.54512e+06)
       };
       \addlegendentry{p=4, q=6}
       \addplot
       coordinates {
          (216, 1.25599e+06)
          (432, 1.09633e+06)
          (864, 1.95573e+06)
          (1728, 3.23354e+06)
          (3456, 5.49286e+06)
          (6912, 5.59623e+06)
          (13824, 6.15674e+06)
          (27648, 6.44136e+06)
          (55296, 5.41331e+06)
          (110592, 6.3107e+06)
          (221184, 6.34369e+06)
          (442368, 6.22944e+06)
          (884736, 6.22956e+06)
          (1769472, 6.21609e+06)
       };
       \addlegendentry{p=5, q=7}
       \addplot
       coordinates {
          (343, 1.97296e+06)
          (686, 1.76682e+06)
          (1372, 3.16591e+06)
          (2744, 4.63141e+06)
          (5488, 8.15354e+06)
          (10976, 8.57703e+06)
          (21952, 8.65156e+06)
          (43904, 9.19004e+06)
          (87808, 8.15303e+06)
          (175616, 8.735e+06)
          (351232, 8.75066e+06)
          (702464, 8.51814e+06)
          (1404928, 8.4219e+06)
       };
       \addlegendentry{p=6, q=8}
    \end{axis}
 \end{tikzpicture}
