
3d mesh mass operator. 
Orders: 0-6
Quad pts: order + 2

 \begin{tikzpicture}[scale=0.9]
    \begin{axis}[
       title={3D Mass Operator Application Performance},
       xlabel={Number of dofs},
       ylabel={Throughput [DoF/s]},
       legend pos=outer north east,
       grid=major,
       xmode = log,
       ymode = log,
       cycle list name=color list,
       ]
       \addplot
       coordinates {
          (1, 5391.88)
          (2, 3476.61)
          (4, 20412.9)
          (8, 44850.8)
          (16, 94204.7)
          (32, 190526)
          (64, 86986.8)
          (128, 699955)
          (256, 1.23669e+06)
          (512, 2.30198e+06)
          (1024, 4.31932e+06)
          (2048, 7.03045e+06)
          (4096, 1.08594e+07)
          (8192, 1.6827e+07)
          (16384, 2.04812e+07)
          (32768, 2.26848e+07)
          (65536, 4.44457e+07)
          (131072, 4.24369e+07)
          (262144, 4.86512e+07)
          (524288, 4.92695e+07)
          (1048576, 4.76588e+07)
       };
       \addlegendentry{p=0, q=2}
       \addplot
       coordinates {
          (8, 54994.5)
          (16, 110287)
          (32, 219363)
          (64, 423286)
          (128, 857886)
          (256, 1.69258e+06)
          (512, 3.26403e+06)
          (1024, 5.51686e+06)
          (2048, 1.06574e+07)
          (4096, 1.68692e+07)
          (8192, 2.40351e+07)
          (16384, 2.99938e+07)
          (32768, 3.46776e+07)
          (65536, 3.497e+07)
          (131072, 3.52157e+07)
          (262144, 3.78175e+07)
          (524288, 3.81339e+07)
          (1048576, 3.8094e+07)
       };
       \addlegendentry{p=1, q=3}
       \addplot
       coordinates {
          (27, 186830)
          (54, 354469)
          (108, 700116)
          (216, 1.39547e+06)
          (432, 2.69102e+06)
          (864, 4.92717e+06)
          (1728, 7.3756e+06)
          (3456, 1.11132e+07)
          (6912, 1.42271e+07)
          (13824, 1.71107e+07)
          (27648, 3.12901e+07)
          (55296, 3.6154e+07)
          (110592, 3.76842e+07)
          (221184, 3.56772e+07)
          (442368, 3.85649e+07)
          (884736, 3.97437e+07)
          (1769472, 4.02072e+07)
       };
       \addlegendentry{p=2, q=4}
       \addplot
       coordinates {
          (64, 441193)
          (128, 825911)
          (256, 1.58004e+06)
          (512, 3.15093e+06)
          (1024, 6.21646e+06)
          (2048, 1.09606e+07)
          (4096, 1.78361e+07)
          (8192, 2.59078e+07)
          (16384, 3.39307e+07)
          (32768, 3.93508e+07)
          (65536, 4.29296e+07)
          (131072, 4.6283e+07)
          (262144, 4.56023e+07)
          (524288, 5.00423e+07)
          (1048576, 5.1083e+07)
       };
       \addlegendentry{p=3, q=5}
       \addplot
       coordinates {
          (125, 864970)
          (250, 865362)
          (500, 2.3912e+06)
          (1000, 4.87659e+06)
          (2000, 9.3705e+06)
          (4000, 1.42273e+07)
          (8000, 1.25801e+07)
          (16000, 1.29573e+07)
          (32000, 2.53269e+07)
          (64000, 2.05772e+07)
          (128000, 2.8212e+07)
          (256000, 2.86906e+07)
          (512000, 2.87409e+07)
          (1024000, 2.91191e+07)
       };
       \addlegendentry{p=4, q=6}
       \addplot
       coordinates {
          (216, 1.43839e+06)
          (432, 1.91243e+06)
          (864, 4.18332e+06)
          (1728, 4.59812e+06)
          (3456, 1.52352e+07)
          (6912, 1.19127e+07)
          (13824, 2.88998e+07)
          (27648, 3.3211e+07)
          (55296, 2.89506e+07)
          (110592, 2.79288e+07)
          (221184, 3.95569e+07)
          (442368, 3.92064e+07)
          (884736, 4.0253e+07)
          (1769472, 4.02839e+07)
       };
       \addlegendentry{p=5, q=7}
       \addplot
       coordinates {
          (343, 2.23533e+06)
          (686, 2.80437e+06)
          (1372, 5.37545e+06)
          (2744, 1.04897e+07)
          (5488, 1.85936e+07)
          (10976, 2.54129e+07)
          (21952, 3.06273e+07)
          (43904, 3.22451e+07)
          (87808, 3.63626e+07)
          (175616, 3.77032e+07)
          (351232, 3.83931e+07)
          (702464, 3.867e+07)
          (1404928, 3.81933e+07)
       };
       \addlegendentry{p=6, q=8}
    \end{axis}
 \end{tikzpicture}
