
4d mesh mass operator. 
Orders: 0-6
Quad pts: order + 2

 \begin{tikzpicture}[scale=0.9]
    \begin{axis}[
       title={4D Mass Operator Application Performance},
       xlabel={Number of dofs},
       ylabel={Throughput [DoF/s]},
       legend pos=outer north east,
       grid=major,
       xmode = log,
       ymode = log,
       cycle list name=color list,
       ]
       \addplot
       coordinates {
          (1, 8131.53)
          (2, 932.818)
          (4, 110369)
          (8, 194034)
          (16, 428733)
          (32, 889676)
          (64, 1.696e+06)
          (128, 3.30672e+06)
          (256, 6.09171e+06)
          (512, 9.76456e+06)
          (1024, 1.08736e+07)
          (2048, 2.34454e+07)
          (4096, 2.89383e+07)
          (8192, 3.25918e+07)
          (16384, 3.57854e+07)
          (32768, 3.74179e+07)
          (65536, 3.85653e+07)
          (131072, 3.43608e+07)
          (262144, 7.80658e+07)
          (524288, 7.73009e+07)
          (1048576, 5.92464e+07)
       };
       \addlegendentry{p=0, q=2}
       \addplot
       coordinates {
          (16, 1.4208e+06)
          (32, 2.96134e+06)
          (64, 3.93148e+06)
          (128, 7.42201e+06)
          (256, 1.45798e+07)
          (512, 2.87168e+07)
          (1024, 4.4461e+07)
          (2048, 5.86473e+07)
          (4096, 6.535e+07)
          (8192, 7.78492e+07)
          (16384, 6.86408e+07)
          (32768, 8.51225e+07)
          (65536, 8.66365e+07)
          (131072, 8.73976e+07)
          (262144, 8.74818e+07)
          (524288, 8.76284e+07)
          (1048576, 8.455e+07)
       };
       \addlegendentry{p=1, q=3}
       \addplot
       coordinates {
          (81, 5.84069e+06)
          (162, 1.11593e+07)
          (324, 8.69849e+06)
          (648, 1.8004e+07)
          (1296, 3.59545e+07)
          (2592, 7.11744e+07)
          (5184, 8.67707e+07)
          (10368, 9.5718e+07)
          (20736, 1.02549e+08)
          (41472, 2.91009e+07)
          (82944, 1.06997e+08)
          (165888, 1.08126e+08)
          (331776, 1.09351e+08)
          (663552, 1.01674e+08)
          (1327104, 1.08832e+08)
       };
       \addlegendentry{p=2, q=4}
       \addplot
       coordinates {
          (256, 9.4321e+06)
          (512, 1.94574e+07)
          (1024, 1.11016e+07)
          (2048, 2.14616e+07)
          (4096, 4.22824e+07)
          (8192, 8.60478e+07)
          (16384, 9.32634e+07)
          (32768, 9.75683e+07)
          (65536, 9.75424e+07)
          (131072, 1.01514e+08)
          (262144, 8.75234e+07)
          (524288, 6.50893e+07)
          (1048576, 1.0212e+08)
       };
       \addlegendentry{p=3, q=5}
       \addplot
       coordinates {
          (625, 6.81968e+06)
          (1250, 2.2519e+07)
          (2500, 1.1386e+07)
          (5000, 2.24819e+07)
          (10000, 4.50603e+07)
          (20000, 8.86442e+07)
          (40000, 9.35238e+07)
          (80000, 9.51141e+07)
          (160000, 9.50135e+07)
          (320000, 9.63371e+07)
          (640000, 9.46204e+07)
          (1280000, 9.43979e+07)
       };
       \addlegendentry{p=4, q=6}
       \addplot
       coordinates {
          (1296, 1.10784e+07)
          (2592, 2.18967e+07)
          (5184, 1.06543e+07)
          (10368, 2.09532e+07)
          (20736, 4.22625e+07)
          (41472, 7.99235e+07)
          (82944, 8.64116e+07)
          (165888, 8.62104e+07)
          (331776, 8.39199e+07)
          (663552, 8.64489e+07)
          (1327104, 7.14556e+07)
       };
       \addlegendentry{p=5, q=7}
       \addplot
       coordinates {
          (2401, 9.74786e+06)
          (4802, 1.89889e+07)
          (9604, 7.598e+06)
          (19208, 1.46753e+07)
          (38416, 2.94466e+07)
          (76832, 5.47478e+07)
          (153664, 5.48501e+07)
          (307328, 5.5054e+07)
          (614656, 5.48871e+07)
          (1229312, 5.49349e+07)
       };
       \addlegendentry{p=6, q=8}
    \end{axis}
 \end{tikzpicture}
