
3d mesh advection operator. 
Orders: 0-6
Quad pts: order + 2

 \begin{tikzpicture}[scale=0.9]
    \begin{axis}[
       title={3D Advection Operator Application Performance},
       xlabel={Number of dofs},
       ylabel={Throughput [DoF/s]},
       legend pos=outer north east,
       grid=major,
       xmode = log,
       ymode = log,
       cycle list name=color list,
       ]
       \addplot
       coordinates {
          (1, 10976)
          (2, 905.129)
          (4, 96738)
          (8, 194231)
          (16, 388996)
          (32, 737490)
          (64, 1.3629e+06)
          (128, 2.31975e+06)
          (256, 3.46147e+06)
          (512, 4.83196e+06)
          (1024, 5.70062e+06)
          (2048, 6.13302e+06)
          (4096, 6.61048e+06)
          (8192, 6.78253e+06)
          (16384, 6.87284e+06)
          (32768, 6.65912e+06)
          (65536, 7.86042e+06)
          (131072, 7.10449e+06)
          (262144, 7.00669e+06)
          (524288, 7.81599e+06)
          (1048576, 8.03913e+06)
       };
       \addlegendentry{p=0, q=2}
       \addplot
       coordinates {
          (8, 704810)
          (16, 1.36144e+06)
          (32, 1.72594e+06)
          (64, 3.19211e+06)
          (128, 5.79345e+06)
          (256, 1.10752e+07)
          (512, 1.5279e+07)
          (1024, 1.852e+07)
          (2048, 1.98348e+07)
          (4096, 2.13243e+07)
          (8192, 2.16877e+07)
          (16384, 2.1914e+07)
          (32768, 2.16829e+07)
          (65536, 2.17257e+07)
          (131072, 1.17819e+07)
          (262144, 2.03393e+07)
          (524288, 2.11137e+07)
          (1048576, 1.82905e+07)
       };
       \addlegendentry{p=1, q=3}
       \addplot
       coordinates {
          (27, 2.16217e+06)
          (54, 3.50222e+06)
          (108, 3.04345e+06)
          (216, 5.35291e+06)
          (432, 9.11239e+06)
          (864, 1.66822e+07)
          (1728, 2.09497e+07)
          (3456, 2.29898e+07)
          (6912, 2.3311e+07)
          (13824, 2.1461e+07)
          (27648, 2.26725e+07)
          (55296, 2.25802e+07)
          (110592, 2.21284e+07)
          (221184, 2.20224e+07)
          (442368, 2.20701e+07)
          (884736, 1.95525e+07)
          (1769472, 2.06305e+07)
       };
       \addlegendentry{p=2, q=4}
       \addplot
       coordinates {
          (64, 3.76558e+06)
          (128, 6.02134e+06)
          (256, 4.23498e+06)
          (512, 7.16513e+06)
          (1024, 6.69293e+06)
          (2048, 2.08643e+07)
          (4096, 2.5517e+07)
          (8192, 2.68393e+07)
          (16384, 2.63738e+07)
          (32768, 2.51844e+07)
          (65536, 2.54711e+07)
          (131072, 2.35651e+07)
          (262144, 2.45121e+07)
          (524288, 2.08457e+07)
          (1048576, 2.40948e+07)
       };
       \addlegendentry{p=3, q=5}
       \addplot
       coordinates {
          (125, 5.15051e+06)
          (250, 6.70322e+06)
          (500, 4.67459e+06)
          (1000, 7.98905e+06)
          (2000, 1.35576e+07)
          (4000, 2.38371e+07)
          (8000, 2.64288e+07)
          (16000, 2.76029e+07)
          (32000, 2.6986e+07)
          (64000, 2.59722e+07)
          (128000, 1.54478e+07)
          (256000, 2.57235e+07)
          (512000, 2.50785e+07)
          (1024000, 2.35712e+07)
       };
       \addlegendentry{p=4, q=6}
       \addplot
       coordinates {
          (216, 453456)
          (432, 8.97713e+06)
          (864, 4.72143e+06)
          (1728, 8.12688e+06)
          (3456, 1.34681e+07)
          (6912, 2.39558e+07)
          (13824, 2.61012e+07)
          (27648, 2.67429e+07)
          (55296, 2.61925e+07)
          (110592, 2.48771e+07)
          (221184, 2.494e+07)
          (442368, 2.43748e+07)
          (884736, 2.20251e+07)
          (1769472, 2.30411e+07)
       };
       \addlegendentry{p=5, q=7}
       \addplot
       coordinates {
          (343, 5.9994e+06)
          (686, 6.31446e+06)
          (1372, 4.77087e+06)
          (2744, 8.19246e+06)
          (5488, 1.37527e+07)
          (10976, 2.4177e+07)
          (21952, 2.6375e+07)
          (43904, 2.65354e+07)
          (87808, 2.32019e+07)
          (175616, 2.4432e+07)
          (351232, 2.47186e+07)
          (702464, 2.43433e+07)
          (1404928, 2.24714e+07)
       };
       \addlegendentry{p=6, q=8}
    \end{axis}
 \end{tikzpicture}
