
4d mesh advection operator. 
Orders: 0-6
Quad pts: order + 1

 \begin{tikzpicture}[scale=0.9]
    \begin{axis}[
       title={4D Advection Operator Application Performance},
       xlabel={Number of dofs},
       ylabel={Throughput [DoF/s]},
       legend pos=outer north east,
       grid=major,
       xmode = log,
       ymode = log,
       cycle list name=color list,
       ]
       \addplot
       coordinates {
          (1, 8334.84)
          (2, 926.892)
          (4, 80949)
          (8, 165700)
          (16, 342179)
          (32, 613244)
          (64, 1.17451e+06)
          (128, 2.09337e+06)
          (256, 3.61144e+06)
          (512, 5.3881e+06)
          (1024, 7.59818e+06)
          (2048, 9.31202e+06)
          (4096, 1.04007e+07)
          (8192, 1.07158e+07)
          (16384, 1.26037e+07)
          (32768, 1.67125e+07)
          (65536, 1.87948e+07)
          (131072, 1.2763e+07)
          (262144, 2.327e+07)
          (524288, 2.41827e+07)
          (1048576, 2.10289e+07)
       };
       \addlegendentry{p=0, q=1}
       \addplot
       coordinates {
          (16, 1.42797e+06)
          (32, 2.64843e+06)
          (64, 3.07965e+06)
          (128, 5.13313e+06)
          (256, 9.79404e+06)
          (512, 1.8083e+07)
          (1024, 2.34198e+07)
          (2048, 2.6987e+07)
          (4096, 2.78289e+07)
          (8192, 2.88452e+07)
          (16384, 2.83118e+07)
          (32768, 2.79387e+07)
          (65536, 2.69372e+07)
          (131072, 2.75374e+07)
          (262144, 2.66587e+07)
          (524288, 2.64617e+07)
          (1048576, 2.25552e+07)
       };
       \addlegendentry{p=1, q=2}
       \addplot
       coordinates {
          (81, 5.39496e+06)
          (162, 8.2278e+06)
          (324, 5.49323e+06)
          (648, 8.77667e+06)
          (1296, 1.51614e+07)
          (2592, 2.04092e+07)
          (5184, 2.71024e+07)
          (10368, 2.65042e+07)
          (20736, 2.76482e+07)
          (41472, 2.8077e+07)
          (82944, 2.73382e+07)
          (165888, 2.66453e+07)
          (331776, 2.5326e+07)
          (663552, 1.99327e+07)
          (1327104, 2.48145e+07)
       };
       \addlegendentry{p=2, q=3}
       \addplot
       coordinates {
          (256, 7.72667e+06)
          (512, 1.14481e+07)
          (1024, 5.52763e+06)
          (2048, 8.9484e+06)
          (4096, 1.56508e+07)
          (8192, 2.66362e+07)
          (16384, 2.48968e+07)
          (32768, 2.47114e+07)
          (65536, 2.49068e+07)
          (131072, 1.12761e+07)
          (262144, 2.41679e+07)
          (524288, 2.32717e+07)
          (1048576, 2.07975e+07)
       };
       \addlegendentry{p=3, q=4}
       \addplot
       coordinates {
          (625, 7.22833e+06)
          (1250, 1.23221e+07)
          (2500, 5.52951e+06)
          (5000, 8.59103e+06)
          (10000, 1.57061e+07)
          (20000, 2.66287e+07)
          (40000, 2.51097e+07)
          (80000, 2.38147e+07)
          (160000, 2.27394e+07)
          (320000, 2.04292e+07)
          (640000, 2.13611e+07)
          (1280000, 2.24454e+07)
       };
       \addlegendentry{p=4, q=5}
       \addplot
       coordinates {
          (1296, 8.48841e+06)
          (2592, 1.16773e+07)
          (5184, 4.98407e+06)
          (10368, 8.1947e+06)
          (20736, 1.42447e+07)
          (41472, 2.34883e+07)
          (82944, 2.16393e+07)
          (165888, 1.38338e+07)
          (331776, 2.09015e+07)
          (663552, 2.09835e+07)
          (1327104, 1.93808e+07)
       };
       \addlegendentry{p=5, q=6}
       \addplot
       coordinates {
          (2401, 7.44869e+06)
          (4802, 1.03359e+07)
          (9604, 4.04836e+06)
          (19208, 6.65661e+06)
          (38416, 1.10649e+07)
          (76832, 1.79679e+07)
          (153664, 1.26263e+07)
          (307328, 1.58357e+07)
          (614656, 1.58135e+07)
          (1229312, 1.51596e+07)
       };
       \addlegendentry{p=6, q=7}
    \end{axis}
 \end{tikzpicture}
