
3D Speed-of-Light operator benchmarks

\begin{tikzpicture}[scale=0.9]
  \begin{axis}[
    title={Volume Speed-of-Light Operator},
    xlabel={Number of DoFs},
    ylabel={Throughput [DoF/s]},
    legend pos=outer north east,
    grid=major, xmode=log, ymode=log, cycle list name=color list
  ]
       \addplot coordinates {
          (1, 16478)
          (2, 19744.9)
          (4, 2198.13)
          (8, 140256)
          (16, 255237)
          (32, 562170)
          (64, 1.11745e+06)
          (128, 2.22414e+06)
          (256, 4.37922e+06)
          (512, 8.76781e+06)
          (1024, 1.73333e+07)
          (2048, 3.21603e+07)
          (4096, 5.91437e+07)
          (8192, 6.97108e+07)
          (16384, 1.33781e+08)
          (32768, 2.22429e+08)
          (65536, 2.59401e+08)
          (131072, 2.65485e+08)
          (262144, 2.84535e+08)
          (524288, 2.69293e+08)
          (1048576, 2.46462e+08)
       };\addlegendentry{vol p=0}
       \addplot coordinates {
          (8, 686102)
          (16, 1.43292e+06)
          (32, 2.80747e+06)
          (64, 5.53976e+06)
          (128, 1.11109e+07)
          (256, 2.23663e+07)
          (512, 3.99911e+07)
          (1024, 8.63661e+07)
          (2048, 1.66063e+08)
          (4096, 2.87576e+08)
          (8192, 5.01853e+08)
          (16384, 7.28025e+08)
          (32768, 9.88304e+08)
          (65536, 1.1575e+09)
          (131072, 1.27823e+09)
          (262144, 1.29921e+09)
          (524288, 1.12236e+09)
          (1048576, 1.07284e+09)
       };\addlegendentry{vol p=1}
       \addplot coordinates {
          (27, 2.27781e+06)
          (54, 4.69714e+06)
          (108, 9.61074e+06)
          (216, 1.91909e+07)
          (432, 3.75091e+07)
          (864, 7.44223e+07)
          (1728, 1.43866e+08)
          (3456, 2.70253e+08)
          (6912, 4.95111e+08)
          (13824, 7.60871e+08)
          (27648, 9.91067e+08)
          (55296, 1.05589e+09)
          (110592, 1.1072e+09)
          (221184, 1.17859e+09)
          (442368, 1.16592e+09)
          (884736, 1.08975e+09)
          (1769472, 8.70887e+08)
       };\addlegendentry{vol p=2}
       \addplot coordinates {
          (64, 5.53688e+06)
          (128, 1.11774e+07)
          (256, 2.21589e+07)
          (512, 4.26903e+07)
          (1024, 8.39639e+07)
          (2048, 1.67723e+08)
          (4096, 3.08111e+08)
          (8192, 3.93858e+08)
          (16384, 6.50057e+08)
          (32768, 8.21202e+08)
          (65536, 9.37318e+08)
          (131072, 1.00761e+09)
          (262144, 1.0432e+09)
          (524288, 1.0282e+09)
          (1048576, 9.29152e+08)
       };\addlegendentry{vol p=3}
       \addplot coordinates {
          (125, 1.0425e+07)
          (250, 2.27286e+07)
          (500, 2.5808e+07)
          (1000, 8.08706e+07)
          (2000, 1.16917e+08)
          (4000, 3.13745e+08)
          (8000, 5.38599e+08)
          (16000, 8.00046e+08)
          (32000, 1.06673e+09)
          (64000, 1.19255e+09)
          (128000, 1.31845e+09)
          (256000, 1.38674e+09)
          (512000, 1.41418e+09)
          (1024000, 1.29692e+09)
       };\addlegendentry{vol p=4}
       \addplot coordinates {
          (216, 1.87111e+07)
          (432, 3.83922e+07)
          (864, 7.634e+07)
          (1728, 1.35759e+08)
          (3456, 2.72538e+08)
          (6912, 5.37134e+08)
          (13824, 9.36894e+08)
          (27648, 1.23295e+09)
          (55296, 1.45149e+09)
          (110592, 1.62495e+09)
          (221184, 1.76629e+09)
          (442368, 1.83066e+09)
          (884736, 1.49447e+09)
          (1769472, 1.26409e+09)
       };\addlegendentry{vol p=5}
       \addplot coordinates {
          (343, 2.79948e+07)
          (686, 5.82241e+07)
          (1372, 9.89308e+07)
          (2744, 1.85148e+08)
          (5488, 3.6625e+08)
          (10976, 7.03039e+08)
          (21952, 1.11509e+09)
          (43904, 1.5275e+09)
          (87808, 1.8412e+09)
          (175616, 2.03793e+09)
          (351232, 2.18585e+09)
          (702464, 1.75991e+09)
          (1404928, 1.27359e+09)
       };\addlegendentry{vol p=6}
  \end{axis}
\end{tikzpicture}

\begin{tikzpicture}[scale=0.9]
  \begin{axis}[
    title={Face Read Speed-of-Light Operator},
    xlabel={Number of DoFs},
    ylabel={Throughput [DoF/s]},
    legend pos=outer north east,
    grid=major, xmode=log, ymode=log, cycle list name=color list
  ]
       \addplot coordinates {
          (1, 86380.3)
          (2, 161665)
          (4, 352221)
          (8, 668860)
          (16, 1.39863e+06)
          (32, 2.21292e+06)
          (64, 5.37631e+06)
          (128, 1.06593e+07)
          (256, 1.99492e+07)
          (512, 3.72708e+07)
          (1024, 6.30997e+07)
          (2048, 9.87753e+07)
          (4096, 1.32736e+08)
          (8192, 3.01698e+06)
          (16384, 6.42929e+06)
          (32768, 1.82692e+08)
          (65536, 2.02745e+08)
          (131072, 1.34658e+08)
          (262144, 1.2924e+08)
          (524288, 1.24998e+08)
          (1048576, 1.21139e+08)
       };\addlegendentry{read p=0}
       \addplot coordinates {
          (8, 720299)
          (16, 1.48394e+06)
          (32, 2.8514e+06)
          (64, 5.77011e+06)
          (128, 1.09386e+07)
          (256, 2.15645e+07)
          (512, 4.25005e+07)
          (1024, 7.85397e+07)
          (2048, 1.27746e+08)
          (4096, 2.18883e+08)
          (8192, 2.88873e+08)
          (16384, 3.69684e+08)
          (32768, 4.41451e+08)
          (65536, 4.05684e+08)
          (131072, 3.58637e+08)
          (262144, 3.66939e+08)
          (524288, 2.97803e+08)
          (1048576, 2.68691e+08)
       };\addlegendentry{read p=1}
       \addplot coordinates {
          (27, 2.44608e+06)
          (54, 4.92402e+06)
          (108, 1.0295e+07)
          (216, 1.76379e+07)
          (432, 3.42682e+07)
          (864, 6.55795e+07)
          (1728, 9.58312e+07)
          (3456, 1.91852e+08)
          (6912, 2.81216e+08)
          (13824, 3.68515e+08)
          (27648, 4.2834e+08)
          (55296, 4.43026e+08)
          (110592, 4.58982e+08)
          (221184, 3.88123e+08)
          (442368, 3.71727e+08)
          (884736, 3.42248e+08)
          (1769472, 3.05062e+08)
       };\addlegendentry{read p=2}
       \addplot coordinates {
          (64, 5.71947e+06)
          (128, 1.1034e+07)
          (256, 2.09858e+07)
          (512, 3.45188e+07)
          (1024, 6.41587e+07)
          (2048, 1.16441e+08)
          (4096, 1.93414e+08)
          (8192, 2.79289e+08)
          (16384, 3.32528e+08)
          (32768, 3.72486e+08)
          (65536, 3.15832e+08)
          (131072, 3.32873e+08)
          (262144, 3.25859e+08)
          (524288, 3.08415e+08)
          (1048576, 3.01226e+08)
       };\addlegendentry{read p=3}
       \addplot coordinates {
          (125, 1.08786e+07)
          (250, 2.1208e+07)
          (500, 3.86584e+07)
          (1000, 6.02402e+07)
          (2000, 1.11468e+08)
          (4000, 1.8051e+08)
          (8000, 2.87289e+08)
          (16000, 3.53891e+08)
          (32000, 3.76597e+08)
          (64000, 3.96702e+08)
          (128000, 3.93573e+08)
          (256000, 3.96615e+08)
          (512000, 3.75131e+08)
          (1024000, 3.66104e+08)
       };\addlegendentry{read p=4}
       \addplot coordinates {
          (216, 1.83375e+07)
          (432, 3.85552e+07)
          (864, 5.30361e+07)
          (1728, 8.29843e+07)
          (3456, 1.49901e+08)
          (6912, 2.53251e+08)
          (13824, 1.7544e+08)
          (27648, 4.08561e+08)
          (55296, 4.18056e+08)
          (110592, 4.11853e+08)
          (221184, 4.321e+08)
          (442368, 4.18251e+08)
          (884736, 3.17946e+08)
          (1769472, 3.63619e+08)
       };\addlegendentry{read p=5}
       \addplot coordinates {
          (343, 2.99518e+07)
          (686, 6.13874e+07)
          (1372, 6.82182e+07)
          (2744, 1.01692e+08)
          (5488, 1.78516e+08)
          (10976, 3.12264e+08)
          (21952, 3.92127e+08)
          (43904, 3.96799e+08)
          (87808, 4.41932e+08)
          (175616, 4.46635e+08)
          (351232, 4.22288e+08)
          (702464, 4.00225e+08)
          (1404928, 2.5842e+08)
       };\addlegendentry{read p=6}
  \end{axis}
\end{tikzpicture}

\begin{tikzpicture}[scale=0.9]
  \begin{axis}[
    title={Face Write Speed-of-Light Operator},
    xlabel={Number of DoFs},
    ylabel={Throughput [DoF/s]},
    legend pos=outer north east,
    grid=major, xmode=log, ymode=log, cycle list name=color list
  ]
       \addplot coordinates {
          (1, 408.574)
          (2, 179020)
          (4, 365437)
          (8, 638668)
          (16, 1.00342e+06)
          (32, 1.48046e+06)
          (64, 2.25966e+06)
          (128, 3.09896e+06)
          (256, 4.19205e+06)
          (512, 4.9131e+06)
          (1024, 5.58577e+06)
          (2048, 5.79353e+06)
          (4096, 6.59272e+06)
          (8192, 7.45698e+06)
          (16384, 8.10948e+06)
          (32768, 8.90261e+06)
          (65536, 8.91367e+06)
          (131072, 1.16374e+07)
          (262144, 1.47157e+07)
          (524288, 1.88913e+07)
          (1048576, 2.70546e+07)
       };\addlegendentry{write p=0}
       \addplot coordinates {
          (8, 699497)
          (16, 1.4507e+06)
          (32, 2.83336e+06)
          (64, 4.38794e+06)
          (128, 6.58659e+06)
          (256, 9.37251e+06)
          (512, 1.17051e+07)
          (1024, 1.71288e+07)
          (2048, 2.08371e+07)
          (4096, 2.45901e+07)
          (8192, 2.54712e+07)
          (16384, 2.96064e+07)
          (32768, 3.31691e+07)
          (65536, 3.41758e+07)
          (131072, 4.19485e+07)
          (262144, 4.74144e+07)
          (524288, 5.1407e+07)
          (1048576, 4.44803e+07)
       };\addlegendentry{write p=1}
       \addplot coordinates {
          (27, 1.90279e+06)
          (54, 4.60067e+06)
          (108, 7.18048e+06)
          (216, 9.71754e+06)
          (432, 1.54475e+07)
          (864, 1.49058e+07)
          (1728, 2.33405e+07)
          (3456, 2.97757e+07)
          (6912, 3.18242e+07)
          (13824, 3.55382e+07)
          (27648, 3.69745e+07)
          (55296, 4.039e+07)
          (110592, 4.35529e+07)
          (221184, 4.51834e+07)
          (442368, 5.01484e+07)
          (884736, 5.32018e+07)
          (1769472, 4.91176e+07)
       };\addlegendentry{write p=2}
       \addplot coordinates {
          (64, 1.22782e+06)
          (128, 1.11542e+07)
          (256, 1.2556e+07)
          (512, 1.41412e+07)
          (1024, 2.41361e+07)
          (2048, 2.95211e+07)
          (4096, 3.08886e+07)
          (8192, 3.69858e+07)
          (16384, 3.92753e+07)
          (32768, 4.09845e+07)
          (65536, 4.21281e+07)
          (131072, 4.45054e+07)
          (262144, 4.7438e+07)
          (524288, 4.79186e+07)
          (1048576, 4.60854e+07)
       };\addlegendentry{write p=3}
       \addplot coordinates {
          (125, 1.0247e+07)
          (250, 1.78316e+07)
          (500, 1.71194e+07)
          (1000, 2.04168e+07)
          (2000, 3.03856e+07)
          (4000, 3.57287e+07)
          (8000, 3.83983e+07)
          (16000, 4.44294e+07)
          (32000, 4.50187e+07)
          (64000, 4.82685e+07)
          (128000, 4.91127e+07)
          (256000, 5.36355e+07)
          (512000, 3.79206e+07)
          (1024000, 5.71644e+07)
       };\addlegendentry{write p=4}
       \addplot coordinates {
          (216, 1.85153e+07)
          (432, 2.47165e+07)
          (864, 1.99849e+07)
          (1728, 2.43007e+07)
          (3456, 3.43565e+07)
          (6912, 4.27131e+07)
          (13824, 4.24628e+07)
          (27648, 5.08287e+07)
          (55296, 5.22994e+07)
          (110592, 5.60846e+07)
          (221184, 5.87131e+07)
          (442368, 6.32232e+07)
          (884736, 6.60621e+07)
          (1769472, 5.94229e+07)
       };\addlegendentry{write p=5}
       \addplot coordinates {
          (343, 2.45588e+07)
          (686, 3.06121e+07)
          (1372, 2.20667e+07)
          (2744, 2.59108e+07)
          (5488, 3.90834e+07)
          (10976, 3.97876e+07)
          (21952, 4.74546e+07)
          (43904, 5.66457e+07)
          (87808, 5.83723e+07)
          (175616, 6.20677e+07)
          (351232, 6.18598e+07)
          (702464, 6.51688e+07)
          (1404928, 6.72809e+07)
       };\addlegendentry{write p=6}
  \end{axis}
\end{tikzpicture}

\begin{tikzpicture}[scale=0.9]
  \begin{axis}[
    title={Global Face Speed-of-Light Operator},
    xlabel={Number of DoFs},
    ylabel={Throughput [DoF/s]},
    legend pos=south east,
    grid=major, xmode=log, ymode=log, cycle list name=color list
  ]
       \addplot coordinates {
          (1, 29298)
          (2, 56341.3)
          (4, 118840)
          (8, 236967)
          (16, 462756)
          (32, 884770)
          (64, 1.55239e+06)
          (128, 2.47329e+06)
          (256, 3.65223e+06)
          (512, 4.94075e+06)
          (1024, 6.08825e+06)
          (2048, 6.97825e+06)
          (4096, 7.65779e+06)
          (8192, 7.96022e+06)
          (16384, 8.56308e+06)
          (32768, 8.74374e+06)
          (65536, 9.35929e+06)
          (131072, 7.85209e+06)
          (262144, 9.50058e+06)
          (524288, 1.0947e+07)
          (1048576, 1.97935e+07)
       };\addlegendentry{write p=0}
       \addplot coordinates {
          (8, 1319.77)
          (16, 480413)
          (32, 966442)
          (64, 1.93392e+06)
          (128, 3.43095e+06)
          (256, 6.02387e+06)
          (512, 8.61502e+06)
          (1024, 1.25578e+07)
          (2048, 1.64858e+07)
          (4096, 2.03104e+07)
          (8192, 2.34549e+07)
          (16384, 2.52308e+07)
          (32768, 2.78938e+07)
          (65536, 3.07721e+07)
          (131072, 3.41935e+07)
          (262144, 3.61039e+07)
          (524288, 3.83276e+07)
          (1048576, 4.81636e+07)
       };\addlegendentry{write p=1}
       \addplot coordinates {
          (27, 806949)
          (54, 1.62561e+06)
          (108, 3.27972e+06)
          (216, 2.75782e+06)
          (432, 9.73642e+06)
          (864, 1.59368e+07)
          (1728, 1.98171e+07)
          (3456, 2.90669e+07)
          (6912, 3.39616e+07)
          (13824, 3.88158e+07)
          (27648, 4.26595e+07)
          (55296, 4.73322e+07)
          (110592, 5.0808e+07)
          (221184, 5.09413e+07)
          (442368, 2.55035e+07)
          (884736, 5.54928e+07)
          (1769472, 5.53231e+07)
       };\addlegendentry{write p=2}
       \addplot coordinates {
          (64, 1.89573e+06)
          (128, 3.45744e+06)
          (256, 7.32467e+06)
          (512, 1.05379e+07)
          (1024, 1.7145e+07)
          (2048, 2.63686e+07)
          (4096, 3.27738e+07)
          (8192, 3.79799e+07)
          (16384, 4.16226e+07)
          (32768, 4.0765e+07)
          (65536, 4.46037e+07)
          (131072, 4.61074e+07)
          (262144, 2.12083e+07)
          (524288, 4.7468e+07)
          (1048576, 4.91657e+07)
       };\addlegendentry{write p=3}
       \addplot coordinates {
          (125, 3.6394e+06)
          (250, 6.55263e+06)
          (500, 1.24933e+07)
          (1000, 1.49123e+07)
          (2000, 2.39817e+07)
          (4000, 3.67465e+07)
          (8000, 4.16781e+07)
          (16000, 4.81037e+07)
          (32000, 4.68069e+07)
          (64000, 5.09286e+07)
          (128000, 5.08202e+07)
          (256000, 5.23011e+07)
          (512000, 5.3617e+07)
          (1024000, 4.34392e+07)
       };\addlegendentry{write p=4}
       \addplot coordinates {
          (216, 6.17809e+06)
          (432, 9.83138e+06)
          (864, 1.90112e+07)
          (1728, 1.89796e+07)
          (3456, 2.64698e+07)
          (6912, 4.30487e+07)
          (13824, 4.80028e+07)
          (27648, 5.25839e+07)
          (55296, 5.53667e+07)
          (110592, 6.01853e+07)
          (221184, 5.20856e+07)
          (442368, 6.06807e+07)
          (884736, 6.61069e+07)
          (1769472, 6.35778e+07)
       };\addlegendentry{write p=5}
       \addplot coordinates {
          (343, 1.01012e+07)
          (686, 1.60959e+07)
          (1372, 2.46745e+07)
          (2744, 2.28153e+07)
          (5488, 3.24005e+07)
          (10976, 4.99431e+07)
          (21952, 2.81874e+06)
          (43904, 6.06718e+07)
          (87808, 5.92885e+07)
          (175616, 6.37048e+07)
          (351232, 5.97232e+07)
          (702464, 6.61849e+07)
          (1404928, 7.11029e+07)
       };\addlegendentry{write p=6}
  \end{axis}
\end{tikzpicture}
