
3d mesh mass operator. 
Orders: 0-6
Quad pts: order + 2

 \begin{tikzpicture}[scale=0.9]
    \begin{axis}[
       title={3D Mass Operator Application Performance},
       xlabel={Number of dofs},
       ylabel={Throughput [DoF/s]},
       legend pos=outer north east,
       grid=major,
       xmode = log,
       ymode = log,
       cycle list name=color list,
       ]
       \addplot
       coordinates {
          (1, 11029.3)
          (2, 908.632)
          (4, 83524.5)
          (8, 172605)
          (16, 290784)
          (32, 690287)
          (64, 1.33093e+06)
          (128, 1.56277e+06)
          (256, 4.72409e+06)
          (512, 8.54229e+06)
          (1024, 1.43998e+07)
          (2048, 2.11101e+07)
          (4096, 2.73636e+07)
          (8192, 3.18073e+07)
          (16384, 3.54169e+07)
          (32768, 3.8378e+07)
          (65536, 4.34114e+07)
          (131072, 5.82745e+07)
          (262144, 8.9104e+07)
          (524288, 1.12926e+08)
          (1048576, 1.1512e+08)
       };
       \addlegendentry{p=0, q=2}
       \addplot
       coordinates {
          (8, 707406)
          (16, 1.44992e+06)
          (32, 2.68614e+06)
          (64, 4.19861e+06)
          (128, 9.19031e+06)
          (256, 1.85791e+07)
          (512, 3.19188e+07)
          (1024, 5.08775e+07)
          (2048, 5.84977e+07)
          (4096, 9.24769e+07)
          (8192, 1.07627e+08)
          (16384, 1.15892e+08)
          (32768, 1.22197e+08)
          (65536, 1.25574e+08)
          (131072, 1.25248e+08)
          (262144, 1.26233e+08)
          (524288, 8.00711e+07)
          (1048576, 1.11615e+08)
       };
       \addlegendentry{p=1, q=3}
       \addplot
       coordinates {
          (27, 8191.29)
          (54, 4.86593e+06)
          (108, 6.64776e+06)
          (216, 1.2123e+07)
          (432, 2.40053e+07)
          (864, 4.44322e+07)
          (1728, 7.14459e+07)
          (3456, 9.45746e+07)
          (6912, 1.13202e+08)
          (13824, 1.25833e+08)
          (27648, 1.31936e+08)
          (55296, 1.34137e+08)
          (110592, 1.33348e+08)
          (221184, 1.27913e+08)
          (442368, 1.37921e+08)
          (884736, 1.3446e+08)
          (1769472, 1.35185e+08)
       };
       \addlegendentry{p=2, q=4}
       \addplot
       coordinates {
          (64, 5.27994e+06)
          (128, 9.63498e+06)
          (256, 9.80408e+06)
          (512, 1.83023e+07)
          (1024, 3.71219e+07)
          (2048, 7.21047e+07)
          (4096, 9.01923e+07)
          (8192, 1.09363e+08)
          (16384, 1.1826e+08)
          (32768, 1.2427e+08)
          (65536, 1.20906e+08)
          (131072, 1.29193e+08)
          (262144, 1.30174e+08)
          (524288, 1.30521e+08)
          (1048576, 1.30498e+08)
       };
       \addlegendentry{p=3, q=5}
       \addplot
       coordinates {
          (125, 7.72102e+06)
          (250, 1.47119e+07)
          (500, 1.23892e+07)
          (1000, 2.32894e+07)
          (2000, 4.49494e+07)
          (4000, 9.24845e+07)
          (8000, 1.09381e+08)
          (16000, 1.16701e+08)
          (32000, 1.25706e+08)
          (64000, 1.286e+08)
          (128000, 1.29338e+08)
          (256000, 1.31953e+08)
          (512000, 1.32585e+08)
          (1024000, 1.32734e+08)
       };
       \addlegendentry{p=4, q=6}
       \addplot
       coordinates {
          (216, 1.00221e+07)
          (432, 1.99752e+07)
          (864, 1.30558e+07)
          (1728, 2.52244e+07)
          (3456, 4.9894e+07)
          (6912, 1.00823e+08)
          (13824, 1.11261e+08)
          (27648, 1.17214e+08)
          (55296, 1.20657e+08)
          (110592, 8.23132e+07)
          (221184, 1.22669e+08)
          (442368, 8.56606e+07)
          (884736, 9.8799e+07)
          (1769472, 1.23941e+08)
       };
       \addlegendentry{p=5, q=7}
       \addplot
       coordinates {
          (343, 1.09558e+07)
          (686, 2.12431e+07)
          (1372, 1.35618e+07)
          (2744, 2.61244e+07)
          (5488, 5.32692e+07)
          (10976, 9.99878e+07)
          (21952, 1.12272e+08)
          (43904, 1.18351e+08)
          (87808, 1.16672e+08)
          (175616, 1.22536e+08)
          (351232, 1.23732e+08)
          (702464, 1.2372e+08)
          (1404928, 1.23454e+08)
       };
       \addlegendentry{p=6, q=8}
    \end{axis}
 \end{tikzpicture}
