timestamp_utc=2026-09-03T17:24:06Z
commit=95cc9f920ef9e2e9c4a21af6412abf5f9067df50
build_dir=build-k3-clang++/
a100_share=50
placement_probe_begin
actual_workers=16 expected_workers=16 stability_rounds=64
omp_thread,linux_thread,initial_cpu,placed_cpu,final_cpu,placement_result,placement_errno,vlen_bytes,vlmax_e64m1,affinity_mask,class_changes,vlen_changes,canary_failures,status
0,2401703,3,0,0,0,0,32,4,0x0000000000000001,0,0,0,pass
1,2401704,4,1,1,0,0,32,4,0x0000000000000002,0,0,0,pass
2,2401705,3,2,2,0,0,32,4,0x0000000000000004,0,0,0,pass
3,2401706,2,3,3,0,0,32,4,0x0000000000000008,0,0,0,pass
4,2401707,4,4,4,0,0,32,4,0x0000000000000010,0,0,0,pass
5,2401708,3,5,5,0,0,32,4,0x0000000000000020,0,0,0,pass
6,2401709,4,6,6,0,0,32,4,0x0000000000000040,0,0,0,pass
7,2401710,4,7,7,0,0,32,4,0x0000000000000080,0,0,0,pass
8,2401711,6,8,13,0,0,128,16,0x000000000000ff00,0,0,0,pass
9,2401712,3,10,10,0,0,128,16,0x000000000000ff00,0,0,0,pass
10,2401713,6,9,9,0,0,128,16,0x000000000000ff00,0,0,0,pass
11,2401714,3,11,11,0,0,128,16,0x000000000000ff00,0,0,0,pass
12,2401715,3,8,8,0,0,128,16,0x000000000000ff00,0,0,0,pass
13,2401716,3,12,12,0,0,128,16,0x000000000000ff00,0,0,0,pass
14,2401717,4,8,15,0,0,128,16,0x000000000000ff00,0,0,0,pass
15,2401718,3,9,9,0,0,128,16,0x000000000000ff00,0,0,0,pass
heterogeneous_openmp_probe=pass
placement_probe_end
mass_comparison_begin
K3 heterogeneous mass max error: 0
mass_comparison_end
